LECROYWP7300A,47067,Waveform
Segments,1,SegmentSize,25002
Segment,TrigTime,TimeSinceSegment1
#1,04-Dec-2018 16:24:09,0                 
Time,Ampl
-2.502e-007,0.000140471
-2.5e-007,0.00012334
-2.498e-007,0.000349464
-2.496e-007,0.000609849
-2.494e-007,0.000668093
-2.492e-007,0.000507065
-2.49e-007,0.000284368
-2.488e-007,0.00016788
-2.486e-007,0.000274089
-2.484e-007,0.000441969
-2.482e-007,0.000445395
-2.48e-007,0.000332333
-2.478e-007,0.000226124
-2.476e-007,0.000284368
-2.474e-007,0.000531048
-2.472e-007,0.000709206
-2.47e-007,0.000671519
-2.468e-007,0.0004591
-2.466e-007,0.000253533
-2.464e-007,0.000239828
-2.462e-007,0.000424839
-2.46e-007,0.000592718
-2.458e-007,0.000561883
-2.456e-007,0.000370021
-2.454e-007,0.00018501
-2.452e-007,0.00016788
-2.45e-007,0.000328907
-2.448e-007,0.000479656
-2.446e-007,0.000469378
-2.444e-007,0.000346038
-2.442e-007,0.000267237
-2.44e-007,0.000349464
-2.438e-007,0.000561883
-2.436e-007,0.000733189
-2.434e-007,0.000654388
-2.432e-007,0.000387151
-2.43e-007,0.000161028
-2.428e-007,0.000147323
-2.426e-007,0.000363168
-2.424e-007,0.000579014
-2.422e-007,0.000602997
-2.42e-007,0.000431691
-2.418e-007,0.000226124
-2.416e-007,0.000212419
-2.414e-007,0.000417986
-2.412e-007,0.000592718
-2.41e-007,0.000565309
-2.408e-007,0.000387151
-2.406e-007,0.000219272
-2.404e-007,0.000236402
-2.402e-007,0.000435117
-2.4e-007,0.000637258
-2.398e-007,0.00064411
-2.396e-007,0.000448821
-2.394e-007,0.000284368
-2.392e-007,0.000318629
-2.39e-007,0.000503639
-2.388e-007,0.000640684
-2.386e-007,0.000544753
-2.384e-007,0.000284368
-2.382e-007,6.50963e-005
-2.38e-007,0.00010621
-2.378e-007,0.000376873
-2.376e-007,0.000630406
-2.374e-007,0.000657815
-2.372e-007,0.000421412
-2.37e-007,0.000150749
-2.368e-007,9.25052e-005
-2.366e-007,0.000280942
-2.364e-007,0.00052077
-2.362e-007,0.000606423
-2.36e-007,0.000524196
-2.358e-007,0.000435117
-2.356e-007,0.000486509
-2.354e-007,0.00064411
-2.352e-007,0.00070578
-2.35e-007,0.000503639
-2.348e-007,0.000143897
-2.346e-007,-8.56529e-005
-2.344e-007,1.02784e-005
-2.342e-007,0.000328907
-2.34e-007,0.000602997
-2.338e-007,0.000637258
-2.336e-007,0.000421412
-2.334e-007,0.00018501
-2.332e-007,0.000205567
-2.33e-007,0.000486509
-2.328e-007,0.000774303
-2.326e-007,0.000846251
-2.324e-007,0.000640684
-2.322e-007,0.000342612
-2.32e-007,0.00022955
-2.318e-007,0.000342612
-2.316e-007,0.000431691
-2.314e-007,0.000339186
-2.312e-007,0.000161028
-2.31e-007,8.5653e-005
-2.308e-007,0.000239828
-2.306e-007,0.0005379
-2.304e-007,0.00076745
-2.302e-007,0.000736615
-2.3e-007,0.000435117
-2.298e-007,0.000116488
-2.296e-007,8.5653e-005
-2.294e-007,0.000325481
-2.292e-007,0.000575588
-2.29e-007,0.000626979
-2.288e-007,0.000479656
-2.286e-007,0.00033576
-2.284e-007,0.00035289
-2.282e-007,0.000541327
-2.28e-007,0.000702354
-2.278e-007,0.000613275
-2.276e-007,0.000322055
-2.274e-007,8.22268e-005
-2.272e-007,6.16701e-005
-2.27e-007,0.00029122
-2.268e-007,0.000541327
-2.266e-007,0.000579014
-2.264e-007,0.000400856
-2.262e-007,0.000202141
-2.26e-007,0.000208993
-2.258e-007,0.000441969
-2.256e-007,0.00068865
-2.254e-007,0.000740041
-2.252e-007,0.00058244
-2.25e-007,0.000380299
-2.248e-007,0.000318629
-2.246e-007,0.00041456
-2.244e-007,0.00047623
-2.242e-007,0.000366595
-2.24e-007,0.000150749
-2.238e-007,3.42615e-006
-2.236e-007,0.000140471
-2.234e-007,0.000465952
-2.232e-007,0.000709206
-2.23e-007,0.00075032
-2.228e-007,0.000585866
-2.226e-007,0.000376873
-2.224e-007,0.000315203
-2.222e-007,0.000417986
-2.22e-007,0.000503639
-2.218e-007,0.000424839
-2.216e-007,0.000239828
-2.214e-007,0.000119914
-2.212e-007,0.000215845
-2.21e-007,0.000496787
-2.208e-007,0.00068865
-2.206e-007,0.000613275
-2.204e-007,0.000370021
-2.202e-007,0.000208993
-2.2e-007,0.000280942
-2.198e-007,0.000507065
-2.196e-007,0.000678371
-2.194e-007,0.000616701
-2.192e-007,0.000366595
-2.19e-007,0.000140471
-2.188e-007,0.000147323
-2.186e-007,0.000349464
-2.184e-007,0.00052077
-2.182e-007,0.00047623
-2.18e-007,0.000311777
-2.178e-007,0.000212419
-2.176e-007,0.000284368
-2.174e-007,0.000513918
-2.172e-007,0.000664667
-2.17e-007,0.000579014
-2.168e-007,0.000380299
-2.166e-007,0.000243254
-2.164e-007,0.000318629
-2.162e-007,0.000534474
-2.16e-007,0.000661241
-2.158e-007,0.000555031
-2.156e-007,0.00024668
-2.154e-007,6.85227e-006
-2.152e-007,6.85224e-005
-2.15e-007,0.000380299
-2.148e-007,0.000657815
-2.146e-007,0.000668093
-2.144e-007,0.000455674
-2.142e-007,0.000232976
-2.14e-007,0.000212419
-2.138e-007,0.000404282
-2.136e-007,0.000620127
-2.134e-007,0.000678371
-2.132e-007,0.000524196
-2.13e-007,0.000304924
-2.128e-007,0.000253533
-2.126e-007,0.000394004
-2.124e-007,0.000517344
-2.122e-007,0.000438543
-2.12e-007,0.000222698
-2.118e-007,0.000113062
-2.116e-007,0.00024668
-2.114e-007,0.000524196
-2.112e-007,0.00070578
-2.11e-007,0.000640684
-2.108e-007,0.000417986
-2.106e-007,0.000226124
-2.104e-007,0.000195289
-2.102e-007,0.000390577
-2.1e-007,0.000613275
-2.098e-007,0.000640684
-2.096e-007,0.000496787
-2.094e-007,0.000322055
-2.092e-007,0.000298072
-2.09e-007,0.000424839
-2.088e-007,0.000507065
-2.086e-007,0.000428265
-2.084e-007,0.000232976
-2.082e-007,0.00010621
-2.08e-007,0.00022955
-2.078e-007,0.000541327
-2.076e-007,0.000760598
-2.074e-007,0.000726337
-2.072e-007,0.00047623
-2.07e-007,0.000239828
-2.068e-007,0.000202141
-2.066e-007,0.000370021
-2.064e-007,0.000548179
-2.062e-007,0.000517344
-2.06e-007,0.000346038
-2.058e-007,0.000205567
-2.056e-007,0.000236402
-2.054e-007,0.000452248
-2.052e-007,0.000654388
-2.05e-007,0.000633832
-2.048e-007,0.000411134
-2.046e-007,0.000208993
-2.044e-007,0.000212419
-2.042e-007,0.000400856
-2.04e-007,0.000572162
-2.038e-007,0.000555031
-2.036e-007,0.000370021
-2.034e-007,0.000215845
-2.032e-007,0.000236402
-2.03e-007,0.00039743
-2.028e-007,0.000544753
-2.026e-007,0.000507065
-2.024e-007,0.000308351
-2.022e-007,0.000181584
-2.02e-007,0.000260385
-2.018e-007,0.000510492
-2.016e-007,0.000719485
-2.014e-007,0.000674945
-2.012e-007,0.000438543
-2.01e-007,0.000198715
-2.008e-007,0.000147323
-2.006e-007,0.000339186
-2.004e-007,0.000541327
-2.002e-007,0.000534474
-2e-007,0.000349464
-1.998e-007,0.000171306
-1.996e-007,0.000195289
-1.994e-007,0.000428265
-1.992e-007,0.000650962
-1.99e-007,0.000654388
-1.988e-007,0.000469378
-1.986e-007,0.000274089
-1.984e-007,0.000263811
-1.982e-007,0.0004591
-1.98e-007,0.000633832
-1.978e-007,0.000585866
-1.976e-007,0.000363168
-1.974e-007,0.000191863
-1.972e-007,0.000212419
-1.97e-007,0.000387151
-1.968e-007,0.0005379
-1.966e-007,0.000531048
-1.964e-007,0.000356316
-1.962e-007,0.000178158
-1.96e-007,0.000215845
-1.958e-007,0.000465952
-1.956e-007,0.000726337
-1.954e-007,0.00076745
-1.952e-007,0.000565309
-1.95e-007,0.000311777
-1.948e-007,0.000222698
-1.946e-007,0.000342612
-1.944e-007,0.000465952
-1.942e-007,0.000452248
-1.94e-007,0.000328907
-1.938e-007,0.00022955
-1.936e-007,0.000311777
-1.934e-007,0.0005379
-1.932e-007,0.000668093
-1.93e-007,0.000575588
-1.928e-007,0.000308351
-1.926e-007,8.5653e-005
-1.924e-007,0.000116488
-1.922e-007,0.000363168
-1.92e-007,0.000599571
-1.918e-007,0.000668093
-1.916e-007,0.000534474
-1.914e-007,0.00035289
-1.912e-007,0.000346038
-1.91e-007,0.00047623
-1.908e-007,0.000575588
-1.906e-007,0.000493361
-1.904e-007,0.000253533
-1.902e-007,8.90791e-005
-1.9e-007,0.000161028
-1.898e-007,0.000400856
-1.896e-007,0.000589292
-1.894e-007,0.000572162
-1.892e-007,0.000363168
-1.89e-007,0.000164454
-1.888e-007,0.000198715
-1.886e-007,0.000465952
-1.884e-007,0.000692076
-1.882e-007,0.000681797
-1.88e-007,0.000465952
-1.878e-007,0.000219272
-1.876e-007,0.000188436
-1.874e-007,0.000380299
-1.872e-007,0.000596144
-1.87e-007,0.000613275
-1.868e-007,0.000424839
-1.866e-007,0.000219272
-1.864e-007,0.000208993
-1.862e-007,0.000417986
-1.86e-007,0.000592718
-1.858e-007,0.0005379
-1.856e-007,0.000304924
-1.854e-007,0.000137045
-1.852e-007,0.000239828
-1.85e-007,0.000527622
-1.848e-007,0.000736615
-1.846e-007,0.000661241
-1.844e-007,0.000356316
-1.842e-007,0.000119914
-1.84e-007,0.000161028
-1.838e-007,0.000400856
-1.836e-007,0.000620127
-1.834e-007,0.000647536
-1.832e-007,0.000489935
-1.83e-007,0.000339186
-1.828e-007,0.000311777
-1.826e-007,0.000400856
-1.824e-007,0.000472804
-1.822e-007,0.000407708
-1.82e-007,0.000226124
-1.818e-007,8.90791e-005
-1.816e-007,0.000219272
-1.814e-007,0.000517344
-1.812e-007,0.000743467
-1.81e-007,0.000736615
-1.808e-007,0.000493361
-1.806e-007,0.000253533
-1.804e-007,0.000260385
-1.802e-007,0.000431691
-1.8e-007,0.000558457
-1.798e-007,0.000517344
-1.796e-007,0.000328907
-1.794e-007,0.000198715
-1.792e-007,0.000280942
-1.79e-007,0.000513918
-1.788e-007,0.000664667
-1.786e-007,0.000589292
-1.784e-007,0.000325481
-1.782e-007,9.25052e-005
-1.78e-007,0.000113062
-1.778e-007,0.000390577
-1.776e-007,0.000633832
-1.774e-007,0.000657815
-1.772e-007,0.000489935
-1.77e-007,0.000298072
-1.768e-007,0.000298072
-1.766e-007,0.0004591
-1.764e-007,0.000572162
-1.762e-007,0.000534474
-1.76e-007,0.000370021
-1.758e-007,0.000188436
-1.756e-007,0.000215845
-1.754e-007,0.000441969
-1.752e-007,0.000633832
-1.75e-007,0.000602997
-1.748e-007,0.000370021
-1.746e-007,0.000188436
-1.744e-007,0.000208993
-1.742e-007,0.000407708
-1.74e-007,0.000575588
-1.738e-007,0.000510492
-1.736e-007,0.000284368
-1.734e-007,0.000102784
-1.732e-007,0.000181584
-1.73e-007,0.000486509
-1.728e-007,0.00075032
-1.726e-007,0.000764024
-1.724e-007,0.000524196
-1.722e-007,0.000274089
-1.72e-007,0.000236402
-1.718e-007,0.000363168
-1.716e-007,0.000452248
-1.714e-007,0.000383725
-1.712e-007,0.000222698
-1.71e-007,0.00012334
-1.708e-007,0.000226124
-1.706e-007,0.000500213
-1.704e-007,0.00068865
-1.702e-007,0.000668093
-1.7e-007,0.000472804
-1.698e-007,0.000270663
-1.696e-007,0.000250107
-1.694e-007,0.000390577
-1.692e-007,0.000534474
-1.69e-007,0.000496787
-1.688e-007,0.00033576
-1.686e-007,0.00022955
-1.684e-007,0.000315203
-1.682e-007,0.000585866
-1.68e-007,0.000774303
-1.678e-007,0.000668093
-1.676e-007,0.000332333
-1.674e-007,3.76873e-005
-1.672e-007,4.45396e-005
-1.67e-007,0.00029122
-1.668e-007,0.000524196
-1.666e-007,0.000579014
-1.664e-007,0.0004591
-1.662e-007,0.000325481
-1.66e-007,0.000370021
-1.658e-007,0.000541327
-1.656e-007,0.000640684
-1.654e-007,0.000541327
-1.652e-007,0.000301498
-1.65e-007,0.000150749
-1.648e-007,0.000208993
-1.646e-007,0.00041456
-1.644e-007,0.000599571
-1.642e-007,0.000592718
-1.64e-007,0.000417986
-1.638e-007,0.000253533
-1.636e-007,0.000253533
-1.634e-007,0.000411134
-1.632e-007,0.000544753
-1.63e-007,0.000510492
-1.628e-007,0.000325481
-1.626e-007,0.000161028
-1.624e-007,0.000236402
-1.622e-007,0.000507065
-1.62e-007,0.000709206
-1.618e-007,0.000668093
-1.616e-007,0.000407708
-1.614e-007,0.000161028
-1.612e-007,0.000154175
-1.61e-007,0.00035289
-1.608e-007,0.000544753
-1.606e-007,0.00058244
-1.604e-007,0.000438543
-1.602e-007,0.000280942
-1.6e-007,0.000298072
-1.598e-007,0.000493361
-1.596e-007,0.000654388
-1.594e-007,0.000596144
-1.592e-007,0.000380299
-1.59e-007,0.000219272
-1.588e-007,0.000256959
-1.586e-007,0.0004591
-1.584e-007,0.000616701
-1.582e-007,0.000544753
-1.58e-007,0.000304924
-1.578e-007,0.000113062
-1.576e-007,0.000164454
-1.574e-007,0.000435117
-1.572e-007,0.000671519
-1.57e-007,0.000681797
-1.568e-007,0.000496787
-1.566e-007,0.000294646
-1.564e-007,0.000280942
-1.562e-007,0.000445395
-1.56e-007,0.000568735
-1.558e-007,0.000489935
-1.556e-007,0.000287794
-1.554e-007,0.000147323
-1.552e-007,0.000188436
-1.55e-007,0.000404282
-1.548e-007,0.000592718
-1.546e-007,0.000555031
-1.544e-007,0.00035289
-1.542e-007,0.00022955
-1.54e-007,0.00033576
-1.538e-007,0.00058244
-1.536e-007,0.000743467
-1.534e-007,0.000661241
-1.532e-007,0.000376873
-1.53e-007,0.000116488
-1.528e-007,0.000113062
-1.526e-007,0.000339186
-1.524e-007,0.000558457
-1.522e-007,0.00058244
-1.52e-007,0.00041456
-1.518e-007,0.000253533
-1.516e-007,0.000287794
-1.514e-007,0.000507065
-1.512e-007,0.000678371
-1.51e-007,0.000616701
-1.508e-007,0.000373447
-1.506e-007,0.000171306
-1.504e-007,0.00016788
-1.502e-007,0.000366595
-1.5e-007,0.000555031
-1.498e-007,0.0005379
-1.496e-007,0.000380299
-1.494e-007,0.000236402
-1.492e-007,0.000274089
-1.49e-007,0.000493361
-1.488e-007,0.000664667
-1.486e-007,0.000616701
-1.484e-007,0.000404282
-1.482e-007,0.000232976
-1.48e-007,0.000270663
-1.478e-007,0.000472804
-1.476e-007,0.000609849
-1.474e-007,0.000513918
-1.472e-007,0.000256959
-1.47e-007,9.93574e-005
-1.468e-007,0.000208993
-1.466e-007,0.000489935
-1.464e-007,0.00068865
-1.462e-007,0.000633832
-1.46e-007,0.000387151
-1.458e-007,0.00016788
-1.456e-007,0.000178158
-1.454e-007,0.000380299
-1.452e-007,0.000585866
-1.45e-007,0.000606423
-1.448e-007,0.000441969
-1.446e-007,0.000274089
-1.444e-007,0.000253533
-1.442e-007,0.000404282
-1.44e-007,0.000561883
-1.438e-007,0.000544753
-1.436e-007,0.000387151
-1.434e-007,0.000250107
-1.432e-007,0.000301498
-1.43e-007,0.000479656
-1.428e-007,0.000579014
-1.426e-007,0.000483083
-1.424e-007,0.000256959
-1.422e-007,9.25052e-005
-1.42e-007,0.000198715
-1.418e-007,0.000513918
-1.416e-007,0.000746894
-1.414e-007,0.000695502
-1.412e-007,0.000404282
-1.41e-007,0.000137045
-1.408e-007,0.000126766
-1.406e-007,0.000376873
-1.404e-007,0.00064411
-1.402e-007,0.000685223
-1.4e-007,0.000503639
-1.398e-007,0.000294646
-1.396e-007,0.000253533
-1.394e-007,0.000373447
-1.392e-007,0.000489935
-1.39e-007,0.000465952
-1.388e-007,0.000318629
-1.386e-007,0.000222698
-1.384e-007,0.000308351
-1.382e-007,0.000507065
-1.38e-007,0.000623553
-1.378e-007,0.000534474
-1.376e-007,0.000311777
-1.374e-007,0.000150749
-1.372e-007,0.000260385
-1.37e-007,0.000544753
-1.368e-007,0.000736615
-1.366e-007,0.000671519
-1.364e-007,0.000370021
-1.362e-007,0.000109636
-1.36e-007,0.000116488
-1.358e-007,0.000376873
-1.356e-007,0.000626979
-1.354e-007,0.000650962
-1.352e-007,0.000472804
-1.35e-007,0.000253533
-1.348e-007,0.000191863
-1.346e-007,0.000315203
-1.344e-007,0.000486509
-1.342e-007,0.000503639
-1.34e-007,0.000366595
-1.338e-007,0.000277516
-1.336e-007,0.000390577
-1.334e-007,0.000623553
-1.332e-007,0.000774303
-1.33e-007,0.000678371
-1.328e-007,0.000417986
-1.326e-007,0.000208993
-1.324e-007,0.000198715
-1.322e-007,0.000359742
-1.32e-007,0.000472804
-1.318e-007,0.000383725
-1.316e-007,0.000157601
-1.314e-007,3.76873e-005
-1.312e-007,0.000198715
-1.31e-007,0.000534474
-1.308e-007,0.000801711
-1.306e-007,0.000798285
-1.304e-007,0.000575588
-1.302e-007,0.000376873
-1.3e-007,0.000328907
-1.298e-007,0.00039743
-1.296e-007,0.000452248
-1.294e-007,0.000366595
-1.292e-007,0.00018501
-1.29e-007,8.90791e-005
-1.288e-007,0.000226124
-1.286e-007,0.000513918
-1.284e-007,0.000719485
-1.282e-007,0.000674945
-1.28e-007,0.000407708
-1.278e-007,0.000178158
-1.276e-007,0.000188436
-1.274e-007,0.000407708
-1.272e-007,0.000613275
-1.27e-007,0.000620127
-1.268e-007,0.000431691
-1.266e-007,0.000256959
-1.264e-007,0.000260385
-1.262e-007,0.000452248
-1.26e-007,0.000650962
-1.258e-007,0.000623553
-1.256e-007,0.000383725
-1.254e-007,0.000140471
-1.252e-007,0.000109636
-1.25e-007,0.000325481
-1.248e-007,0.000575588
-1.246e-007,0.000637258
-1.244e-007,0.000500213
-1.242e-007,0.000328907
-1.24e-007,0.000304924
-1.238e-007,0.000441969
-1.236e-007,0.000592718
-1.234e-007,0.000558457
-1.232e-007,0.000356316
-1.23e-007,0.000205567
-1.228e-007,0.000256959
-1.226e-007,0.000486509
-1.224e-007,0.000650962
-1.222e-007,0.000596144
-1.22e-007,0.000370021
-1.218e-007,0.000171306
-1.216e-007,0.00018501
-1.214e-007,0.000363168
-1.212e-007,0.000534474
-1.21e-007,0.000541327
-1.208e-007,0.000373447
-1.206e-007,0.000212419
-1.204e-007,0.000222698
-1.202e-007,0.000435117
-1.2e-007,0.000640684
-1.198e-007,0.000623553
-1.196e-007,0.000428265
-1.194e-007,0.000253533
-1.192e-007,0.000256959
-1.19e-007,0.000407708
-1.188e-007,0.000534474
-1.186e-007,0.000493361
-1.184e-007,0.000311777
-1.182e-007,0.000191863
-1.18e-007,0.000267237
-1.178e-007,0.00047623
-1.176e-007,0.000630406
-1.174e-007,0.00058244
-1.172e-007,0.00039743
-1.17e-007,0.000263811
-1.168e-007,0.000311777
-1.166e-007,0.000472804
-1.164e-007,0.000579014
-1.162e-007,0.000486509
-1.16e-007,0.000250107
-1.158e-007,9.93574e-005
-1.156e-007,0.000208993
-1.154e-007,0.000503639
-1.152e-007,0.000698928
-1.15e-007,0.000602997
-1.148e-007,0.000301498
-1.146e-007,9.25052e-005
-1.144e-007,0.00016788
-1.142e-007,0.000493361
-1.14e-007,0.000770876
-1.138e-007,0.000746894
-1.136e-007,0.00047623
-1.134e-007,0.000202141
-1.132e-007,0.000140471
-1.13e-007,0.00029122
-1.128e-007,0.000462526
-1.126e-007,0.000496787
-1.124e-007,0.000387151
-1.122e-007,0.000260385
-1.12e-007,0.000287794
-1.118e-007,0.00047623
-1.116e-007,0.000630406
-1.114e-007,0.000568735
-1.112e-007,0.000376873
-1.11e-007,0.00022955
-1.108e-007,0.000270663
-1.106e-007,0.000469378
-1.104e-007,0.000626979
-1.102e-007,0.000592718
-1.1e-007,0.000373447
-1.098e-007,0.000202141
-1.096e-007,0.000243254
-1.094e-007,0.000462526
-1.092e-007,0.000626979
-1.09e-007,0.000513918
-1.088e-007,0.000267237
-1.086e-007,0.000116488
-1.084e-007,0.000181584
-1.082e-007,0.000435117
-1.08e-007,0.000633832
-1.078e-007,0.000575588
-1.076e-007,0.000346038
-1.074e-007,0.000171306
-1.072e-007,0.000195289
-1.07e-007,0.000417986
-1.068e-007,0.000661241
-1.066e-007,0.00068865
-1.064e-007,0.000465952
-1.062e-007,0.000215845
-1.06e-007,0.00018501
-1.058e-007,0.000359742
-1.056e-007,0.000558457
-1.054e-007,0.000568735
-1.052e-007,0.000421412
-1.05e-007,0.000270663
-1.048e-007,0.000260385
-1.046e-007,0.000428265
-1.044e-007,0.000561883
-1.042e-007,0.000486509
-1.04e-007,0.000232976
-1.038e-007,6.16701e-005
-1.036e-007,0.000133619
-1.034e-007,0.000400856
-1.032e-007,0.000650962
-1.03e-007,0.00068865
-1.028e-007,0.0005379
-1.026e-007,0.000376873
-1.024e-007,0.000339186
-1.022e-007,0.000431691
-1.02e-007,0.000507065
-1.018e-007,0.000411134
-1.016e-007,0.000236402
-1.014e-007,0.000161028
-1.012e-007,0.00029122
-1.01e-007,0.000551605
-1.008e-007,0.000695502
-1.006e-007,0.000606423
-1.004e-007,0.00035289
-1.002e-007,0.000130192
-1e-007,0.000130192
-9.98e-008,0.000359742
-9.96e-008,0.000596144
-9.94e-008,0.000613275
-9.92e-008,0.000438543
-9.9e-008,0.000270663
-9.88e-008,0.00029122
-9.86e-008,0.000483083
-9.84e-008,0.000664667
-9.82e-008,0.000650962
-9.8e-008,0.000455674
-9.78e-008,0.000263811
-9.76e-008,0.000222698
-9.74e-008,0.000342612
-9.72e-008,0.00047623
-9.7e-008,0.000438543
-9.68e-008,0.000284368
-9.66e-008,0.000222698
-9.64e-008,0.000325481
-9.62e-008,0.0005379
-9.6e-008,0.000695502
-9.58e-008,0.000623553
-9.56e-008,0.000366595
-9.54e-008,0.000161028
-9.52e-008,0.000208993
-9.5e-008,0.000455674
-9.48e-008,0.000650962
-9.46e-008,0.000616701
-9.44e-008,0.000404282
-9.42e-008,0.00022955
-9.4e-008,0.000250107
-9.38e-008,0.0004591
-9.36e-008,0.000626979
-9.34e-008,0.000555031
-9.32e-008,0.000318629
-9.3e-008,0.000126766
-9.28e-008,0.000137045
-9.26e-008,0.000342612
-9.24e-008,0.00058244
-9.22e-008,0.000599571
-9.2e-008,0.000421412
-9.18e-008,0.000280942
-9.16e-008,0.000301498
-9.14e-008,0.0004591
-9.12e-008,0.000568735
-9.1e-008,0.000507065
-9.08e-008,0.000308351
-9.06e-008,0.000150749
-9.04e-008,0.000212419
-9.02e-008,0.000448821
-9e-008,0.000623553
-8.98e-008,0.000558457
-8.96e-008,0.000311777
-8.94e-008,0.000119914
-8.92e-008,0.000181584
-8.9e-008,0.000435117
-8.88e-008,0.000647536
-8.86e-008,0.000609849
-8.84e-008,0.000380299
-8.82e-008,0.000202141
-8.8e-008,0.000236402
-8.78e-008,0.000500213
-8.76e-008,0.000733189
-8.74e-008,0.00068865
-8.72e-008,0.000404282
-8.7e-008,0.000102784
-8.68e-008,3.08351e-005
-8.66e-008,0.00022955
-8.64e-008,0.000455674
-8.62e-008,0.000489935
-8.6e-008,0.000342612
-8.58e-008,0.00022955
-8.56e-008,0.00033576
-8.54e-008,0.000579014
-8.52e-008,0.000757172
-8.5e-008,0.000709206
-8.48e-008,0.000486509
-8.46e-008,0.000284368
-8.44e-008,0.000260385
-8.42e-008,0.000380299
-8.4e-008,0.000469378
-8.38e-008,0.000411134
-8.36e-008,0.000253533
-8.34e-008,0.000154175
-8.32e-008,0.00022955
-8.3e-008,0.000462526
-8.28e-008,0.000623553
-8.26e-008,0.000561883
-8.24e-008,0.000400856
-8.22e-008,0.000315203
-8.2e-008,0.000404282
-8.18e-008,0.000606423
-8.16e-008,0.000681797
-8.14e-008,0.000531048
-8.12e-008,0.000263811
-8.1e-008,9.93574e-005
-8.08e-008,0.000171306
-8.06e-008,0.000431691
-8.04e-008,0.000637258
-8.02e-008,0.000613275
-8e-008,0.000428265
-7.98e-008,0.000243254
-7.96e-008,0.000202141
-7.94e-008,0.000349464
-7.92e-008,0.000496787
-7.9e-008,0.000483083
-7.88e-008,0.000363168
-7.86e-008,0.000284368
-7.84e-008,0.000383725
-7.82e-008,0.000606423
-7.8e-008,0.000698928
-7.78e-008,0.000544753
-7.76e-008,0.00024668
-7.74e-008,6.85224e-005
-7.72e-008,0.000191863
-7.7e-008,0.000455674
-7.68e-008,0.000620127
-7.66e-008,0.000558457
-7.64e-008,0.000311777
-7.62e-008,0.000119914
-7.6e-008,0.000174732
-7.58e-008,0.000438543
-7.56e-008,0.000661241
-7.54e-008,0.000661241
-7.52e-008,0.000462526
-7.5e-008,0.000280942
-7.48e-008,0.000311777
-7.46e-008,0.00047623
-7.44e-008,0.000568735
-7.42e-008,0.000496787
-7.4e-008,0.000304924
-7.38e-008,0.000109636
-7.36e-008,0.000140471
-7.34e-008,0.00041456
-7.32e-008,0.000657815
-7.3e-008,0.000678371
-7.28e-008,0.000517344
-7.26e-008,0.000349464
-7.24e-008,0.000328907
-7.22e-008,0.000448821
-7.2e-008,0.000555031
-7.18e-008,0.000469378
-7.16e-008,0.000253533
-7.14e-008,7.88007e-005
-7.12e-008,0.000161028
-7.1e-008,0.000452248
-7.08e-008,0.000664667
-7.06e-008,0.000650962
-7.04e-008,0.000462526
-7.02e-008,0.000328907
-7e-008,0.000363168
-6.98e-008,0.000524196
-6.96e-008,0.000609849
-6.94e-008,0.000472804
-6.92e-008,0.000226124
-6.9e-008,8.90791e-005
-6.88e-008,0.00018501
-6.86e-008,0.000441969
-6.84e-008,0.000647536
-6.82e-008,0.000599571
-6.8e-008,0.000390577
-6.78e-008,0.000256959
-6.76e-008,0.000304924
-6.74e-008,0.000489935
-6.72e-008,0.000626979
-6.7e-008,0.000531048
-6.68e-008,0.00029122
-6.66e-008,0.000126766
-6.64e-008,0.000181584
-6.62e-008,0.000448821
-6.6e-008,0.00064411
-6.58e-008,0.000575588
-6.56e-008,0.000349464
-6.54e-008,0.000219272
-6.52e-008,0.000294646
-6.5e-008,0.000493361
-6.48e-008,0.000613275
-6.46e-008,0.0005379
-6.44e-008,0.000349464
-6.42e-008,0.000232976
-6.4e-008,0.000311777
-6.38e-008,0.000531048
-6.36e-008,0.000661241
-6.34e-008,0.000534474
-6.32e-008,0.000239828
-6.3e-008,1.37045e-005
-6.28e-008,6.50963e-005
-6.26e-008,0.000383725
-6.24e-008,0.000671519
-6.22e-008,0.000729763
-6.2e-008,0.000596144
-6.18e-008,0.000400856
-6.16e-008,0.000359742
-6.14e-008,0.000462526
-6.12e-008,0.00052077
-6.1e-008,0.000435117
-6.08e-008,0.000256959
-6.06e-008,0.000154175
-6.04e-008,0.000236402
-6.02e-008,0.000452248
-6e-008,0.000626979
-5.98e-008,0.000616701
-5.96e-008,0.000431691
-5.94e-008,0.000267237
-5.92e-008,0.000280942
-5.9e-008,0.000435117
-5.88e-008,0.000555031
-5.86e-008,0.000483083
-5.84e-008,0.000304924
-5.82e-008,0.000232976
-5.8e-008,0.000346038
-5.78e-008,0.000572162
-5.76e-008,0.000719485
-5.74e-008,0.00064411
-5.72e-008,0.000387151
-5.7e-008,0.000174732
-5.68e-008,0.000164454
-5.66e-008,0.00033576
-5.64e-008,0.000513918
-5.62e-008,0.000513918
-5.6e-008,0.000346038
-5.58e-008,0.000198715
-5.56e-008,0.000263811
-5.54e-008,0.000541327
-5.52e-008,0.000746894
-5.5e-008,0.000702354
-5.48e-008,0.0004591
-5.46e-008,0.000219272
-5.44e-008,0.00022955
-5.42e-008,0.000400856
-5.4e-008,0.000496787
-5.38e-008,0.000417986
-5.36e-008,0.000226124
-5.34e-008,8.90791e-005
-5.32e-008,0.000191863
-5.3e-008,0.00047623
-5.28e-008,0.000695502
-5.26e-008,0.000712632
-5.24e-008,0.000541327
-5.22e-008,0.000376873
-5.2e-008,0.000380299
-5.18e-008,0.000496787
-5.16e-008,0.000575588
-5.14e-008,0.00047623
-5.12e-008,0.000226124
-5.1e-008,6.16701e-005
-5.08e-008,0.000164454
-5.06e-008,0.0004591
-5.04e-008,0.000685223
-5.02e-008,0.000650962
-5e-008,0.000435117
-4.98e-008,0.000239828
-4.96e-008,0.000243254
-4.94e-008,0.000424839
-4.92e-008,0.000565309
-4.9e-008,0.000561883
-4.88e-008,0.000428265
-4.86e-008,0.000284368
-4.84e-008,0.000287794
-4.82e-008,0.000452248
-4.8e-008,0.000575588
-4.78e-008,0.000507065
-4.76e-008,0.000318629
-4.74e-008,0.000188436
-4.72e-008,0.000236402
-4.7e-008,0.000431691
-4.68e-008,0.000561883
-4.66e-008,0.000483083
-4.64e-008,0.000301498
-4.62e-008,0.000212419
-4.6e-008,0.000315203
-4.58e-008,0.000531048
-4.56e-008,0.000637258
-4.54e-008,0.000510492
-4.52e-008,0.000260385
-4.5e-008,0.000109636
-4.48e-008,0.000219272
-4.46e-008,0.000496787
-4.44e-008,0.000678371
-4.42e-008,0.000637258
-4.4e-008,0.000421412
-4.38e-008,0.00024668
-4.36e-008,0.000256959
-4.34e-008,0.00039743
-4.32e-008,0.000500213
-4.3e-008,0.000411134
-4.28e-008,0.000232976
-4.26e-008,0.000157601
-4.24e-008,0.000284368
-4.22e-008,0.000572162
-4.2e-008,0.000764024
-4.18e-008,0.000681797
-4.16e-008,0.000404282
-4.14e-008,0.000202141
-4.12e-008,0.000222698
-4.1e-008,0.000404282
-4.08e-008,0.000531048
-4.06e-008,0.000472804
-4.04e-008,0.000284368
-4.02e-008,0.000157601
-4e-008,0.00024668
-3.98e-008,0.000493361
-3.96e-008,0.000668093
-3.94e-008,0.000609849
-3.92e-008,0.000390577
-3.9e-008,0.000191863
-3.88e-008,0.000215845
-3.86e-008,0.000438543
-3.84e-008,0.00058244
-3.82e-008,0.000524196
-3.8e-008,0.000349464
-3.78e-008,0.000212419
-3.76e-008,0.000325481
-3.74e-008,0.000575588
-3.72e-008,0.000695502
-3.7e-008,0.000606423
-3.68e-008,0.000349464
-3.66e-008,0.000143897
-3.64e-008,0.000143897
-3.62e-008,0.000301498
-3.6e-008,0.000462526
-3.58e-008,0.000472804
-3.56e-008,0.000363168
-3.54e-008,0.000301498
-3.52e-008,0.00041456
-3.5e-008,0.000602997
-3.48e-008,0.00068865
-3.46e-008,0.000585866
-3.44e-008,0.000332333
-3.42e-008,0.000140471
-3.4e-008,0.000208993
-3.38e-008,0.0004591
-3.36e-008,0.00064411
-3.34e-008,0.00058244
-3.32e-008,0.000332333
-3.3e-008,0.000147323
-3.28e-008,0.000219272
-3.26e-008,0.000462526
-3.24e-008,0.000650962
-3.22e-008,0.000599571
-3.2e-008,0.000404282
-3.18e-008,0.000260385
-3.16e-008,0.000315203
-3.14e-008,0.000527622
-3.12e-008,0.000668093
-3.1e-008,0.000589292
-3.08e-008,0.000339186
-3.06e-008,0.00012334
-3.04e-008,0.00012334
-3.02e-008,0.000322055
-3e-008,0.000503639
-2.98e-008,0.000503639
-2.96e-008,0.000370021
-2.94e-008,0.000304924
-2.92e-008,0.000428265
-2.9e-008,0.00064411
-2.88e-008,0.00075032
-2.86e-008,0.000626979
-2.84e-008,0.000339186
-2.82e-008,9.25052e-005
-2.8e-008,0.000109636
-2.78e-008,0.00035289
-2.76e-008,0.000558457
-2.74e-008,0.000555031
-2.72e-008,0.000366595
-2.7e-008,0.000222698
-2.68e-008,0.000274089
-2.66e-008,0.000493361
-2.64e-008,0.000668093
-2.62e-008,0.000626979
-2.6e-008,0.000445395
-2.58e-008,0.000284368
-2.56e-008,0.000284368
-2.54e-008,0.000421412
-2.52e-008,0.000524196
-2.5e-008,0.000441969
-2.48e-008,0.000253533
-2.46e-008,0.000154175
-2.44e-008,0.000256959
-2.42e-008,0.000496787
-2.4e-008,0.000654388
-2.38e-008,0.000565309
-2.36e-008,0.000332333
-2.34e-008,0.00018501
-2.32e-008,0.00024668
-2.3e-008,0.000489935
-2.28e-008,0.000692076
-2.26e-008,0.000633832
-2.24e-008,0.000404282
-2.22e-008,0.000208993
-2.2e-008,0.00018501
-2.18e-008,0.000301498
-2.16e-008,0.000428265
-2.14e-008,0.000428265
-2.12e-008,0.000311777
-2.1e-008,0.000260385
-2.08e-008,0.000407708
-2.06e-008,0.000678371
-2.04e-008,0.000832547
-2.02e-008,0.000726337
-2e-008,0.000428265
-1.98e-008,0.000171306
-1.96e-008,0.000164454
-1.94e-008,0.000366595
-1.92e-008,0.000513918
-1.9e-008,0.000407708
-1.88e-008,0.000147323
-1.86e-008,3.06954e-011
-1.84e-008,0.000154175
-1.82e-008,0.000513918
-1.8e-008,0.000760598
-1.78e-008,0.000733189
-1.76e-008,0.000513918
-1.74e-008,0.000280942
-1.72e-008,0.000301498
-1.7e-008,0.000568735
-1.68e-008,0.000798285
-1.66e-008,0.000764024
-1.64e-008,0.000500213
-1.62e-008,0.000256959
-1.6e-008,0.000157601
-1.58e-008,0.00022955
-1.56e-008,0.000263811
-1.54e-008,0.000109636
-1.52e-008,-6.85223e-005
-1.5e-008,-6.85223e-005
-1.48e-008,0.000215845
-1.46e-008,0.000630406
-1.44e-008,0.000904495
-1.42e-008,0.000890791
-1.4e-008,0.000664667
-1.38e-008,0.000455674
-1.36e-008,0.000465952
-1.34e-008,0.000671519
-1.32e-008,0.000818842
-1.3e-008,0.000698928
-1.28e-008,0.000363168
-1.26e-008,6.16701e-005
-1.24e-008,-2.05567e-005
-1.22e-008,0.000116488
-1.2e-008,0.000243254
-1.18e-008,7.19485e-005
-1.16e-008,-0.000445395
-1.14e-008,-0.00081199
-1.12e-008,-0.000133619
-1.1e-008,0.00178843
-1.08e-008,0.00356316
-1.06e-008,0.00329935
-1.04e-008,0.000959313
-1.02e-008,-0.00155888
-1e-008,-0.00267237
-9.8e-009,-0.00256274
-9.6e-009,-0.00195631
-9.4e-009,-0.00058244
-9.2e-009,0.0020591
-9e-009,0.00509464
-8.8e-009,0.00657129
-8.6e-009,0.00506723
-8.4e-009,0.000753746
-8.2e-009,-0.00431348
-8e-009,-0.00705438
-7.8e-009,-0.0055229
-7.6e-009,-0.00104497
-7.4e-009,0.00273747
-7.2e-009,0.00323768
-7e-009,0.00116831
-6.8e-009,-0.000455674
-6.6e-009,0.000407708
-6.4e-009,0.00298415
-6.2e-009,0.0046698
-6e-009,0.00358372
-5.8e-009,0.000513918
-5.6e-009,-0.00182269
-5.4e-009,-0.00148693
-5.2e-009,0.000681797
-5e-009,0.00180214
-4.8e-009,2.39829e-005
-4.6e-009,-0.0033062
-4.4e-009,-0.00476916
-4.2e-009,-0.00251134
-4e-009,0.00181242
-3.8e-009,0.00453275
-3.6e-009,0.00333704
-3.4e-009,-0.000626979
-3.2e-009,-0.0036865
-3e-009,-0.00250792
-2.8e-009,0.00312805
-2.6e-009,0.00958285
-2.4e-009,0.0110972
-2.2e-009,0.00451562
-2e-009,-0.00698928
-1.8e-009,-0.0148317
-1.6e-009,-0.0112993
-1.4e-009,0.00247366
-1.2e-009,0.0164693
-1e-009,0.0172334
-8e-010,-0.00252505
-6e-010,-0.0308727
-4e-010,-0.0350595
-2e-010,0.00597857
-4.9928105e-021,0.0619236
2e-010,0.072459
4e-010,0.0127486
6e-010,-0.0635716
8e-010,-0.0892572
1e-009,-0.0337884
1.2e-009,0.0544239
1.4e-009,0.0915493
1.6e-009,0.0496616
1.8e-009,-0.0350046
2e-009,-0.0771664
2.2e-009,-0.0278578
2.4e-009,0.0563802
2.6e-009,0.0849985
2.8e-009,0.0337815
3e-009,-0.0485412
3.2e-009,-0.0848684
3.4e-009,-0.0321404
3.6e-009,0.0539511
3.8e-009,0.0781258
4e-009,0.0252505
4.2e-009,-0.0519297
4.4e-009,-0.076142
4.6e-009,-0.0113987
4.8e-009,0.069838
5e-009,0.0808735
5.2e-009,0.0169319
5.4e-009,-0.0617386
5.6e-009,-0.080106
5.8e-009,-0.00949377
6e-009,0.0738945
6.2e-009,0.0880375
6.4e-009,0.0258912
6.6e-009,-0.0582543
6.8e-009,-0.0842105
7e-009,-0.0203546
7.2e-009,0.066357
7.4e-009,0.0864101
7.6e-009,0.0257233
7.8e-009,-0.0581857
8e-009,-0.0847587
8.2e-009,-0.0217113
8.4e-009,0.0653772
8.6e-009,0.0906688
8.8e-009,0.0374132
9e-009,-0.0488736
9.2e-009,-0.0839981
9.4e-009,-0.0243871
9.6e-009,0.0636538
9.8e-009,0.0907681
1e-008,0.0451528
1.02e-008,-0.0384205
1.04e-008,-0.089987
1.06e-008,-0.0474826
1.08e-008,0.0464719
1.1e-008,0.0938414
1.12e-008,0.0650585
1.14e-008,-0.0149824
1.16e-008,-0.0722774
1.18e-008,-0.0407023
1.2e-008,0.0372625
1.22e-008,0.0629892
1.24e-008,0.0115049
1.26e-008,-0.0612624
1.28e-008,-0.0930054
1.3e-008,-0.0385198
1.32e-008,0.0543588
1.34e-008,0.0980349
1.36e-008,0.0682277
1.38e-008,-0.0164248
1.4e-008,-0.0740076
1.42e-008,-0.0341755
1.44e-008,0.0524264
1.46e-008,0.0896855
1.48e-008,0.0417781
1.5e-008,-0.0456427
1.52e-008,-0.0916966
1.54e-008,-0.0530294
1.56e-008,0.0356385
1.58e-008,0.0818876
1.6e-008,0.039832
1.62e-008,-0.0442552
1.64e-008,-0.0832958
1.66e-008,-0.0319554
1.68e-008,0.0549858
1.7e-008,0.0934542
1.72e-008,0.0512136
1.74e-008,-0.0364779
1.76e-008,-0.0792838
1.78e-008,-0.0260762
1.8e-008,0.0602174
1.82e-008,0.0940538
1.84e-008,0.0485138
1.86e-008,-0.0402192
1.88e-008,-0.0930191
1.9e-008,-0.0586072
1.92e-008,0.0340556
1.94e-008,0.0927005
1.96e-008,0.0683545
1.98e-008,-0.0159828
2e-008,-0.0815382
2.02e-008,-0.0599365
2.04e-008,0.0262269
2.06e-008,0.0889934
2.08e-008,0.075008
2.1e-008,-0.00319657
2.12e-008,-0.0760872
2.14e-008,-0.101817
2.16e-008,-0.0491168
2.18e-008,0.0486817
2.2e-008,0.0994773
2.22e-008,0.10783
2.24e-008,0.0652298
2.26e-008,-0.0268471
2.28e-008,-0.0901172
2.3e-008,-0.0727947
2.32e-008,0.00266209
2.34e-008,0.0554106
2.36e-008,0.0455674
2.38e-008,-0.0125773
2.4e-008,-0.0737129
2.42e-008,-0.0576239
2.44e-008,0.024137
2.46e-008,0.0685874
2.48e-008,0.0433404
2.5e-008,-0.0166989
2.52e-008,-0.0666243
2.54e-008,-0.041038
2.56e-008,0.0417164
2.58e-008,0.0883698
2.6e-008,0.0584222
2.62e-008,-0.0153627
2.64e-008,-0.0621875
2.66e-008,-0.0240205
2.68e-008,0.0566885
2.7e-008,0.0910696
2.72e-008,0.0375777
2.74e-008,-0.0518885
2.76e-008,-0.0966885
2.78e-008,-0.0696495
2.8e-008,0.0164385
2.82e-008,0.081384
2.84e-008,0.0542012
2.86e-008,-0.0309447
2.88e-008,-0.0746654
2.9e-008,-0.0337781
2.92e-008,0.0451322
2.94e-008,0.0891373
2.96e-008,0.0492265
2.98e-008,-0.037026
3e-008,-0.0686046
3.02e-008,-0.0157773
3.04e-008,0.0599879
3.06e-008,0.0916486
3.08e-008,0.0393798
3.1e-008,-0.050035
3.12e-008,-0.0824632
3.14e-008,-0.0342269
3.16e-008,0.0452522
3.18e-008,0.0777283
3.2e-008,0.0194364
3.22e-008,-0.0640821
3.24e-008,-0.0863484
3.26e-008,-0.0306295
3.28e-008,0.0542286
3.3e-008,0.0917617
3.32e-008,0.0427991
3.34e-008,-0.0463691
3.36e-008,-0.0743159
3.38e-008,-0.0177713
3.4e-008,0.0603819
3.42e-008,0.0898534
3.44e-008,0.0333875
3.46e-008,-0.0549686
3.48e-008,-0.082405
3.5e-008,-0.0269772
3.52e-008,0.056065
3.54e-008,0.0899561
3.56e-008,0.0360085
3.58e-008,-0.0528718
3.6e-008,-0.0831587
3.62e-008,-0.0321712
3.64e-008,0.0500796
3.66e-008,0.0867185
3.68e-008,0.0337164
3.7e-008,-0.0541361
3.72e-008,-0.0813326
3.74e-008,-0.0285019
3.76e-008,0.0522791
3.78e-008,0.0879519
3.8e-008,0.0349532
3.82e-008,-0.0533652
3.84e-008,-0.0797908
3.86e-008,-0.0255965
3.88e-008,0.0543382
3.9e-008,0.0883013
3.92e-008,0.0346552
3.94e-008,-0.0535365
3.96e-008,-0.0790268
3.98e-008,-0.0226466
4e-008,0.0575485
4.02e-008,0.0907544
4.04e-008,0.0369849
4.06e-008,-0.0524093
4.08e-008,-0.0809763
4.1e-008,-0.0299717
4.12e-008,0.049665
4.14e-008,0.0856358
4.16e-008,0.0318184
4.18e-008,-0.055856
4.2e-008,-0.0808015
4.22e-008,-0.0283134
4.24e-008,0.0507716
4.26e-008,0.0860812
4.28e-008,0.032644
4.3e-008,-0.0548624
4.32e-008,-0.0775056
4.34e-008,-0.0208171
4.36e-008,0.057384
4.38e-008,0.0893874
4.4e-008,0.0345558
4.42e-008,-0.0540299
4.44e-008,-0.0787733
4.46e-008,-0.0231092
4.48e-008,0.056202
4.5e-008,0.0892606
4.52e-008,0.0343605
4.54e-008,-0.0545164
4.56e-008,-0.081384
4.58e-008,-0.0291494
4.6e-008,0.0509464
4.62e-008,0.0870371
4.64e-008,0.0340248
4.66e-008,-0.0541943
4.68e-008,-0.0801711
4.7e-008,-0.0271657
4.72e-008,0.0520907
4.74e-008,0.0869891
4.76e-008,0.0336239
4.78e-008,-0.0542628
4.8e-008,-0.07902
4.82e-008,-0.0237704
4.84e-008,0.0554723
4.86e-008,0.0887741
4.88e-008,0.0347511
4.9e-008,-0.0537386
4.92e-008,-0.0800341
4.94e-008,-0.0250381
4.96e-008,0.0554517
4.98e-008,0.0903262
5e-008,0.0377387
5.02e-008,-0.0517584
5.04e-008,-0.0819836
5.06e-008,-0.0307974
5.08e-008,0.0504153
5.1e-008,0.0880444
5.12e-008,0.0370774
5.14e-008,-0.0517001
5.16e-008,-0.0818157
5.18e-008,-0.0307151
5.2e-008,0.0502783
5.22e-008,0.0874585
5.24e-008,0.0365978
5.26e-008,-0.051611
5.28e-008,-0.0800958
5.3e-008,-0.0265832
5.32e-008,0.0539202
5.34e-008,0.0886748
5.36e-008,0.036262
5.38e-008,-0.0521455
5.4e-008,-0.0803596
5.42e-008,-0.0256787
5.44e-008,0.0555613
5.46e-008,0.0900829
5.48e-008,0.0374817
5.5e-008,-0.0516624
5.52e-008,-0.0821549
5.54e-008,-0.0296907
5.56e-008,0.0525258
5.58e-008,0.088805
5.6e-008,0.0368959
5.62e-008,-0.051892
5.64e-008,-0.0828538
5.66e-008,-0.0310303
5.68e-008,0.0515733
5.7e-008,0.0882979
5.72e-008,0.0371323
5.74e-008,-0.0512342
5.76e-008,-0.0816889
5.78e-008,-0.0281284
5.8e-008,0.054417
5.82e-008,0.0897677
5.84e-008,0.0384856
5.86e-008,-0.0501995
5.88e-008,-0.0816409
5.9e-008,-0.0278029
5.92e-008,0.0552256
5.94e-008,0.0903741
5.96e-008,0.038835
5.98e-008,-0.0501858
6e-008,-0.0833369
6.02e-008,-0.0314826
6.04e-008,0.0524162
6.06e-008,0.0891133
6.08e-008,0.0381156
6.1e-008,-0.0504907
6.12e-008,-0.0836247
6.14e-008,-0.0318663
6.16e-008,0.0522312
6.18e-008,0.0889968
6.2e-008,0.0385849
6.22e-008,-0.0497335
6.24e-008,-0.0824941
6.26e-008,-0.0291528
6.28e-008,0.0548042
6.3e-008,0.0901172
6.32e-008,0.0393524
6.34e-008,-0.0491853
6.36e-008,-0.0826859
6.38e-008,-0.0292727
6.4e-008,0.0551228
6.42e-008,0.0902234
6.44e-008,0.0391126
6.46e-008,-0.0494937
6.48e-008,-0.0838542
6.5e-008,-0.0316265
6.52e-008,0.0533892
6.54e-008,0.0894662
6.56e-008,0.0386946
6.58e-008,-0.0496342
6.6e-008,-0.0840084
6.62e-008,-0.0317396
6.64e-008,0.0534474
6.66e-008,0.0894593
6.68e-008,0.0391057
6.7e-008,-0.0489935
6.72e-008,-0.0832855
6.74e-008,-0.029934
6.76e-008,0.0552461
6.78e-008,0.090076
6.8e-008,0.0394346
6.82e-008,-0.0486714
6.84e-008,-0.0833403
6.86e-008,-0.0297832
6.88e-008,0.0556778
6.9e-008,0.0900692
6.92e-008,0.039068
6.94e-008,-0.0489558
6.96e-008,-0.0840598
6.98e-008,-0.0310372
7e-008,0.0548795
7.02e-008,0.0895039
7.04e-008,0.0383999
7.06e-008,-0.049319
7.08e-008,-0.0842996
7.1e-008,-0.0311228
7.12e-008,0.0550166
7.14e-008,0.0893977
7.16e-008,0.0384582
7.18e-008,-0.0489935
7.2e-008,-0.0838645
7.22e-008,-0.0297901
7.24e-008,0.056411
7.26e-008,0.0898602
7.28e-008,0.0389412
7.3e-008,-0.0484316
7.32e-008,-0.0837412
7.34e-008,-0.0294646
7.36e-008,0.0569181
7.38e-008,0.0898191
7.4e-008,0.0385609
7.42e-008,-0.0486714
7.44e-008,-0.0843818
7.46e-008,-0.0306021
7.48e-008,0.0562089
7.5e-008,0.0893052
7.52e-008,0.0379066
7.54e-008,-0.049062
7.56e-008,-0.084721
7.58e-008,-0.0309036
7.6e-008,0.0561609
7.62e-008,0.0892401
7.64e-008,0.0382012
7.66e-008,-0.0485275
7.68e-008,-0.0842688
7.7e-008,-0.0298346
7.72e-008,0.0572162
7.74e-008,0.0896238
7.76e-008,0.0387254
7.78e-008,-0.0479588
7.8e-008,-0.0841215
7.82e-008,-0.0296393
7.84e-008,0.0575005
7.86e-008,0.0894285
7.88e-008,0.0382149
7.9e-008,-0.0482774
7.92e-008,-0.0846148
7.94e-008,-0.0304685
7.96e-008,0.0569626
7.98e-008,0.0889249
8e-008,0.0374886
8.02e-008,-0.0487057
8.04e-008,-0.0847998
8.06e-008,-0.0304479
8.08e-008,0.0571339
8.1e-008,0.0889283
8.12e-008,0.0377078
8.14e-008,-0.0483151
8.16e-008,-0.0844401
8.18e-008,-0.0295742
8.2e-008,0.0579802
8.22e-008,0.0892195
8.24e-008,0.0380744
8.26e-008,-0.0479314
8.28e-008,-0.0843784
8.3e-008,-0.0295468
8.32e-008,0.0580761
8.34e-008,0.0890585
8.36e-008,0.0376565
8.38e-008,-0.0482295
8.4e-008,-0.0846902
8.42e-008,-0.0300984
8.44e-008,0.0576787
8.46e-008,0.0887193
8.48e-008,0.0371048
8.5e-008,-0.0486406
8.52e-008,-0.0848684
8.54e-008,-0.0301601
8.56e-008,0.0576958
8.58e-008,0.0887673
8.6e-008,0.0373344
8.62e-008,-0.0483631
8.64e-008,-0.0845737
8.66e-008,-0.0296085
8.68e-008,0.0581344
8.7e-008,0.089014
8.72e-008,0.0376667
8.74e-008,-0.0481027
8.76e-008,-0.084423
8.78e-008,-0.0294646
8.8e-008,0.0582303
8.82e-008,0.0889728
8.84e-008,0.0373584
8.86e-008,-0.0484556
8.88e-008,-0.0846799
8.9e-008,-0.0299511
8.92e-008,0.0577917
8.94e-008,0.0887433
8.96e-008,0.0369164
8.98e-008,-0.0488873
9e-008,-0.0848272
9.02e-008,-0.0300847
9.04e-008,0.0576513
9.06e-008,0.0888255
9.08e-008,0.0371288
9.1e-008,-0.0487468
9.12e-008,-0.08456
9.14e-008,-0.0295468
9.16e-008,0.0580453
9.18e-008,0.0891202
9.2e-008,0.0375468
9.22e-008,-0.0484898
9.24e-008,-0.0843818
9.26e-008,-0.0294406
9.28e-008,0.0580179
9.3e-008,0.0891065
9.32e-008,0.0372864
9.34e-008,-0.0488359
9.36e-008,-0.0845943
9.38e-008,-0.0299169
9.4e-008,0.0575485
9.42e-008,0.0888975
9.44e-008,0.036889
9.46e-008,-0.0492539
9.48e-008,-0.0846799
9.5e-008,-0.0299888
9.52e-008,0.0574114
9.54e-008,0.0889968
9.56e-008,0.0370809
9.58e-008,-0.0491819
9.6e-008,-0.084399
9.62e-008,-0.0294612
9.64e-008,0.0577438
9.66e-008,0.0892743
9.68e-008,0.0373721
9.7e-008,-0.0490757
9.72e-008,-0.0842654
9.74e-008,-0.0293481
9.76e-008,0.0577301
9.78e-008,0.0892641
9.8e-008,0.0371802
9.82e-008,-0.0493566
9.84e-008,-0.0844367
9.86e-008,-0.0297798
9.88e-008,0.057271
9.9e-008,0.0891133
9.92e-008,0.0368684
9.94e-008,-0.0497335
9.96e-008,-0.0844641
9.98e-008,-0.0298004
1e-007,0.0571374
1.002e-007,0.089199
1.004e-007,0.0370843
1.006e-007,-0.049617
1.008e-007,-0.0842242
1.01e-007,-0.0294029
1.012e-007,0.0573532
1.014e-007,0.089408
1.016e-007,0.0373104
1.018e-007,-0.0495554
1.02e-007,-0.0840838
1.022e-007,-0.0293241
1.024e-007,0.0572847
1.026e-007,0.0894114
1.028e-007,0.037146
1.03e-007,-0.0498157
1.032e-007,-0.0842208
1.034e-007,-0.0296667
1.036e-007,0.0568975
1.038e-007,0.0892743
1.04e-007,0.0369233
1.042e-007,-0.0500761
1.044e-007,-0.0841968
1.046e-007,-0.0296188
1.048e-007,0.0568256
1.05e-007,0.0893326
1.052e-007,0.037026
1.054e-007,-0.0500556
1.056e-007,-0.0840495
1.058e-007,-0.0293241
1.06e-007,0.0570174
1.062e-007,0.0895313
1.064e-007,0.0373481
1.066e-007,-0.0498329
1.068e-007,-0.0838302
1.07e-007,-0.0291426
1.072e-007,0.0570277
1.074e-007,0.0894593
1.076e-007,0.0370123
1.078e-007,-0.0502063
1.08e-007,-0.0840529
1.082e-007,-0.0295811
1.084e-007,0.0565995
1.086e-007,0.0893292
1.088e-007,0.0368616
1.09e-007,-0.0503913
1.092e-007,-0.0839913
1.094e-007,-0.0293927
1.096e-007,0.0566817
1.098e-007,0.0894731
1.1e-007,0.0371357
1.102e-007,-0.0502097
1.104e-007,-0.0838337
1.106e-007,-0.0292453
1.108e-007,0.0567228
1.11e-007,0.0894628
1.112e-007,0.0370089
1.114e-007,-0.0503502
1.116e-007,-0.0838028
1.118e-007,-0.0292076
1.12e-007,0.0566748
1.122e-007,0.0894799
1.124e-007,0.0370089
1.126e-007,-0.0504085
1.128e-007,-0.0837925
1.13e-007,-0.0292659
1.132e-007,0.0565515
1.134e-007,0.0894799
1.136e-007,0.0370089
1.138e-007,-0.0504564
1.14e-007,-0.0837925
1.142e-007,-0.0293687
1.144e-007,0.0563768
1.146e-007,0.08936
1.148e-007,0.0367622
1.15e-007,-0.0507031
1.152e-007,-0.0837788
1.154e-007,-0.0291974
1.156e-007,0.0565138
1.158e-007,0.0895279
1.16e-007,0.0370672
1.162e-007,-0.0504701
1.164e-007,-0.083539
1.166e-007,-0.0288787
1.168e-007,0.0566783
1.17e-007,0.0895895
1.172e-007,0.0370123
1.174e-007,-0.05059
1.176e-007,-0.0836932
1.178e-007,-0.0292693
1.18e-007,0.0563048
1.182e-007,0.08936
1.184e-007,0.0366903
1.186e-007,-0.050847
1.188e-007,-0.0836863
1.19e-007,-0.0291939
1.192e-007,0.0563117
1.194e-007,0.0894285
1.196e-007,0.0368308
1.198e-007,-0.0507511
1.2e-007,-0.0835253
1.202e-007,-0.0289096
1.204e-007,0.0565104
1.206e-007,0.0895381
1.208e-007,0.0369233
1.21e-007,-0.0507168
1.212e-007,-0.0834945
1.214e-007,-0.0289062
1.216e-007,0.0564624
1.218e-007,0.0894593
1.22e-007,0.0366869
1.222e-007,-0.0509464
1.224e-007,-0.0835801
1.226e-007,-0.0290569
1.228e-007,0.0563048
1.23e-007,0.0894114
1.232e-007,0.0366526
1.234e-007,-0.0509875
1.236e-007,-0.0835356
1.238e-007,-0.0289747
1.24e-007,0.0563356
1.242e-007,0.0894285
1.244e-007,0.0366663
1.246e-007,-0.0509841
1.248e-007,-0.083426
1.25e-007,-0.0287999
1.252e-007,0.056411
1.254e-007,0.0894491
1.256e-007,0.0366526
1.258e-007,-0.0510183
1.26e-007,-0.0834088
1.262e-007,-0.0287314
1.264e-007,0.0564693
1.266e-007,0.0894799
1.268e-007,0.0366081
1.27e-007,-0.0510971
1.272e-007,-0.0834397
1.274e-007,-0.028865
1.276e-007,0.0563048
1.278e-007,0.0894182
1.28e-007,0.0365361
1.282e-007,-0.0511656
1.284e-007,-0.0834362
1.286e-007,-0.0288719
1.288e-007,0.0562603
1.29e-007,0.0894114
1.292e-007,0.0365601
1.294e-007,-0.0511554
1.296e-007,-0.083378
1.298e-007,-0.028728
1.3e-007,0.0563699
1.302e-007,0.0894731
1.304e-007,0.036632
1.306e-007,-0.0511074
1.308e-007,-0.0833197
1.31e-007,-0.02868
1.312e-007,0.0563733
1.314e-007,0.0894833
1.316e-007,0.0366218
1.318e-007,-0.0511348
1.32e-007,-0.0834294
1.322e-007,-0.0289233
1.324e-007,0.0561952
1.326e-007,0.0895176
1.328e-007,0.0367828
1.33e-007,-0.0510252
1.332e-007,-0.0835287
1.334e-007,-0.0292179
1.336e-007,0.0559622
1.338e-007,0.0896444
1.34e-007,0.0371939
1.342e-007,-0.0507374
1.344e-007,-0.0838885
1.346e-007,-0.0300231
1.348e-007,0.0554825
1.35e-007,0.0906825
1.352e-007,0.0398115
1.354e-007,-0.048877
1.356e-007,-0.0856906
1.358e-007,-0.0345627
1.36e-007,0.0524847
1.362e-007,0.0920666
1.364e-007,0.0458894
1.366e-007,-0.0435357
1.368e-007,-0.0856358
1.37e-007,-0.03914
1.372e-007,0.0477258
1.374e-007,0.0897266
1.376e-007,0.0452076
1.378e-007,-0.0429121
1.38e-007,-0.0833609
1.382e-007,-0.0360051
1.384e-007,0.0490963
1.386e-007,0.0888358
1.388e-007,0.0421138
1.39e-007,-0.0458106
1.392e-007,-0.0843784
1.394e-007,-0.0350115
1.396e-007,0.0509943
1.398e-007,0.090703
1.4e-007,0.0445361
1.402e-007,-0.0441695
1.404e-007,-0.0841797
1.406e-007,-0.0355186
1.408e-007,0.0505421
1.41e-007,0.0905009
1.412e-007,0.04394
1.414e-007,-0.0449335
1.416e-007,-0.0853788
1.418e-007,-0.0380025
1.42e-007,0.0483768
1.422e-007,0.0896169
1.424e-007,0.0441764
1.426e-007,-0.0441284
1.428e-007,-0.0835424
1.43e-007,-0.0348779
1.432e-007,0.0505181
1.434e-007,0.0901172
1.436e-007,0.0434192
1.438e-007,-0.0451597
1.44e-007,-0.0842551
1.442e-007,-0.0353747
1.444e-007,0.0504222
1.446e-007,0.090076
1.448e-007,0.0431554
1.45e-007,-0.0454543
1.452e-007,-0.0843544
1.454e-007,-0.0355117
1.456e-007,0.0502166
1.458e-007,0.0898191
1.46e-007,0.0426757
1.462e-007,-0.0458586
1.464e-007,-0.0842825
1.466e-007,-0.0350697
1.468e-007,0.0506483
1.47e-007,0.0901617
1.472e-007,0.043128
1.474e-007,-0.0455057
1.476e-007,-0.0839022
1.478e-007,-0.0347134
1.48e-007,0.0506791
1.482e-007,0.0899013
1.484e-007,0.0423331
1.486e-007,-0.0462868
1.488e-007,-0.0841866
1.49e-007,-0.0347134
1.492e-007,0.0507888
1.494e-007,0.0899904
1.496e-007,0.042549
1.498e-007,-0.0460641
1.5e-007,-0.0839262
1.502e-007,-0.034244
1.504e-007,0.0511519
1.506e-007,0.089915
1.508e-007,0.0420385
1.51e-007,-0.0465198
1.512e-007,-0.0840495
1.514e-007,-0.0342201
1.516e-007,0.0512067
1.518e-007,0.0898122
1.52e-007,0.0417233
1.522e-007,-0.0467699
1.524e-007,-0.0840803
1.526e-007,-0.0339734
1.528e-007,0.0515322
1.53e-007,0.0901069
1.532e-007,0.0421515
1.534e-007,-0.0464616
1.536e-007,-0.0840152
1.538e-007,-0.0340213
1.54e-007,0.0514877
1.542e-007,0.0902336
1.544e-007,0.0423537
1.546e-007,-0.0463862
1.548e-007,-0.0844949
1.55e-007,-0.0352273
1.552e-007,0.0505044
1.554e-007,0.0906756
1.556e-007,0.0437515
1.558e-007,-0.0456085
1.56e-007,-0.0882568
1.562e-007,-0.0487262
1.564e-007,0.0366012
1.566e-007,0.0933925
1.568e-007,0.0946602
1.57e-007,0.0197516
1.572e-007,-0.0695639
1.574e-007,-0.101091
1.576e-007,-0.0706397
1.578e-007,0.0199126
1.58e-007,0.0898979
1.582e-007,0.108642
1.584e-007,0.101177
1.586e-007,0.0280462
1.588e-007,-0.0638663
1.59e-007,-0.100389
1.592e-007,-0.105219
1.594e-007,-0.0660761
1.596e-007,0.0115049
1.598e-007,0.0671725
1.6e-007,0.0789172
1.602e-007,0.0611219
1.604e-007,0.0341515
1.606e-007,0.0197242
1.608e-007,0.0235854
1.61e-007,0.0357001
1.612e-007,0.0419254
1.614e-007,0.0294817
1.616e-007,-0.00309036
1.618e-007,-0.0445053
1.62e-007,-0.0812812
1.622e-007,-0.100714
1.624e-007,-0.078441
1.626e-007,-0.00826379
1.628e-007,0.0632427
1.63e-007,0.0934679
1.632e-007,0.0698859
1.634e-007,0.00599228
1.636e-007,-0.0440393
1.638e-007,-0.0397258
1.64e-007,-0.00839399
1.642e-007,-0.00823981
1.644e-007,-0.0380984
1.646e-007,-0.0312428
1.648e-007,0.0309892
1.65e-007,0.0874414
1.652e-007,0.107895
1.654e-007,0.0794756
1.656e-007,-0.0114192
1.658e-007,-0.085975
1.66e-007,-0.0968255
1.662e-007,-0.0405275
1.664e-007,0.0502337
1.666e-007,0.0826722
1.668e-007,0.019128
1.67e-007,-0.0658979
1.672e-007,-0.0788144
1.674e-007,-0.0132111
1.676e-007,0.0667168
1.678e-007,0.0876332
1.68e-007,0.0323494
1.682e-007,-0.0366149
1.684e-007,-0.0401712
1.686e-007,0.0120154
1.688e-007,0.0627322
1.69e-007,0.0541943
1.692e-007,-0.0164693
1.694e-007,-0.0698894
1.696e-007,-0.0385609
1.698e-007,0.0419905
1.7e-007,0.0944889
1.702e-007,0.0789446
1.704e-007,-0.00753746
1.706e-007,-0.083611
1.708e-007,-0.0952975
1.71e-007,-0.0324385
1.712e-007,0.0593678
1.714e-007,0.0932281
1.716e-007,0.047671
1.718e-007,-0.0379717
1.72e-007,-0.0646543
1.722e-007,8.90791e-005
1.724e-007,0.0727776
1.726e-007,0.0810482
1.728e-007,0.0270732
1.73e-007,-0.0497404
1.732e-007,-0.0787801
1.734e-007,-0.0186484
1.736e-007,0.0541498
1.738e-007,0.0636812
1.74e-007,0.0266552
1.742e-007,-0.0319006
1.744e-007,-0.0578774
1.746e-007,-0.0053516
1.748e-007,0.0535399
1.75e-007,0.0466569
1.752e-007,-0.000356316
1.754e-007,-0.0544067
1.756e-007,-0.0706808
1.758e-007,-0.0164111
1.76e-007,0.041456
1.762e-007,0.0455297
1.764e-007,0.0180488
1.766e-007,-0.0223451
1.768e-007,-0.0385472
1.77e-007,0.00052077
1.772e-007,0.0396881
1.774e-007,0.0332333
1.776e-007,0.00301156
1.778e-007,-0.02905
1.78e-007,-0.032692
1.782e-007,-0.000164454
1.784e-007,0.0232462
1.786e-007,0.0179049
1.788e-007,0.000541327
1.79e-007,-0.0107512
1.792e-007,0.00722226
1.794e-007,0.0334869
1.796e-007,0.0263434
1.798e-007,-0.00583125
1.8e-007,-0.0403734
1.802e-007,-0.0542354
1.804e-007,-0.0199914
1.806e-007,0.0299648
1.808e-007,0.0416205
1.81e-007,0.020913
1.812e-007,-0.0116317
1.814e-007,-0.0365327
1.816e-007,-0.0272308
1.818e-007,0.00410106
1.82e-007,0.0229755
1.822e-007,0.0229447
1.824e-007,0.0086578
1.826e-007,-0.00952803
1.828e-007,-0.0110355
1.83e-007,0.00218244
1.832e-007,0.0120908
1.834e-007,0.0142903
1.836e-007,0.00865095
1.838e-007,-0.00335759
1.84e-007,-0.0101002
1.842e-007,-0.00700298
1.844e-007,-0.00163083
1.846e-007,0.00154861
1.848e-007,0.00164111
1.85e-007,-0.00240513
1.852e-007,-0.00505695
1.854e-007,-0.00108951
1.856e-007,0.00436487
1.858e-007,0.00491305
1.86e-007,0.000568735
1.862e-007,-0.00606765
1.864e-007,-0.00919912
1.866e-007,-0.00464239
1.868e-007,0.00193918
1.87e-007,0.00398457
1.872e-007,0.00162398
1.874e-007,-0.00133619
1.876e-007,-0.0005379
1.878e-007,0.00514603
1.88e-007,0.0112411
1.882e-007,0.0127452
1.884e-007,0.00843167
1.886e-007,0.00154518
1.888e-007,-0.00453275
1.89e-007,-0.00845566
1.892e-007,-0.00792804
1.894e-007,-0.00340556
1.896e-007,0.00125396
1.898e-007,0.00498843
1.9e-007,0.00713318
1.902e-007,0.00386123
1.904e-007,-0.00437515
1.906e-007,-0.0110081
1.908e-007,-0.0121045
1.91e-007,-0.00757172
1.912e-007,0.00117173
1.914e-007,0.0079109
1.916e-007,0.00771219
1.918e-007,0.00411477
1.92e-007,0.000736615
1.922e-007,-0.00128479
1.924e-007,-6.85223e-005
1.926e-007,0.00236402
1.928e-007,0.00353233
1.93e-007,0.00483425
1.932e-007,0.00525909
1.934e-007,0.00336445
1.936e-007,0.000565309
1.938e-007,-0.00250792
1.94e-007,-0.00437173
1.942e-007,-0.00278886
1.944e-007,0.00119914
1.946e-007,0.00420385
1.948e-007,0.00364881
1.95e-007,-0.000236402
1.952e-007,-0.00466637
1.954e-007,-0.00701669
1.956e-007,-0.00626637
1.958e-007,-0.00351177
1.96e-007,-0.00100728
1.962e-007,0.000376873
1.964e-007,0.00138073
1.966e-007,0.00260042
1.968e-007,0.00363511
1.97e-007,0.00380984
1.972e-007,0.00284368
1.974e-007,0.00142184
1.976e-007,0.00124025
1.978e-007,0.00273404
1.98e-007,0.00415931
1.982e-007,0.00417644
1.984e-007,0.00256274
1.986e-007,0.000157601
1.988e-007,-0.0010107
1.99e-007,-0.000774302
1.992e-007,-0.000894217
1.994e-007,-0.00193576
1.996e-007,-0.00335074
1.998e-007,-0.00421412
2e-007,-0.003385
2.002e-007,-0.00142869
2.004e-007,-0.000277515
2.006e-007,-0.000709206
2.008e-007,-0.00169593
2.01e-007,-0.00152805
2.012e-007,0.000411134
2.014e-007,0.00332333
2.016e-007,0.00531733
2.018e-007,0.00491305
2.02e-007,0.00294646
2.022e-007,0.00145953
2.024e-007,0.00154861
2.026e-007,0.00259014
2.028e-007,0.00308351
2.03e-007,0.00206595
2.032e-007,-6.85223e-005
2.034e-007,-0.00170963
2.036e-007,-0.00157259
2.038e-007,-0.000181584
2.04e-007,0.00070578
2.042e-007,-0.000308351
2.044e-007,-0.00318629
2.046e-007,-0.00576958
2.048e-007,-0.00554346
2.05e-007,-0.00196317
2.052e-007,0.00330278
2.054e-007,0.00610534
2.056e-007,0.00393318
2.058e-007,-0.000870234
2.06e-007,-0.0044471
2.062e-007,-0.00392633
2.064e-007,0.000805138
2.066e-007,0.00612247
2.068e-007,0.0076745
2.07e-007,0.00485481
2.072e-007,0.000626979
2.074e-007,-0.0015486
2.076e-007,-0.000349464
2.078e-007,0.0018501
2.08e-007,0.0021516
2.082e-007,0.000472804
2.084e-007,-0.00133276
2.086e-007,-0.00123683
2.088e-007,0.000623553
2.09e-007,0.00142526
2.092e-007,-0.000325481
2.094e-007,-0.00294303
2.096e-007,-0.00394003
2.098e-007,-0.00238458
2.1e-007,-0.000157601
2.102e-007,-0.000191863
2.104e-007,-0.00287109
2.106e-007,-0.00429978
2.108e-007,0.00202484
2.11e-007,0.015212
2.112e-007,0.0209644
2.114e-007,0.0101036
2.116e-007,-0.0115666
2.118e-007,-0.0337301
2.12e-007,-0.0364128
2.122e-007,-0.000685223
2.124e-007,0.0475202
2.126e-007,0.0598885
2.128e-007,0.02671
2.13e-007,-0.0287451
2.132e-007,-0.0691802
2.134e-007,-0.0513301
2.136e-007,0.0186997
2.138e-007,0.0735622
2.14e-007,0.0646268
2.142e-007,0.00663639
2.144e-007,-0.0471502
2.146e-007,-0.0585866
2.148e-007,-0.0266689
2.15e-007,0.0200017
2.152e-007,0.0339871
2.154e-007,-0.000832546
2.156e-007,-0.042847
2.158e-007,-0.0482123
2.16e-007,-0.014698
2.162e-007,0.0362415
2.164e-007,0.0770808
2.166e-007,0.0837446
2.168e-007,0.0538757
2.17e-007,0.00645138
2.172e-007,-0.0372899
2.174e-007,-0.0628076
2.176e-007,-0.062674
2.178e-007,-0.0427271
2.18e-007,-0.0165344
2.182e-007,0.00573189
2.184e-007,0.0170998
2.186e-007,0.0152702
2.188e-007,0.00731476
2.19e-007,0.00338843
2.192e-007,0.0074244
2.194e-007,0.0155957
2.196e-007,0.0207623
2.198e-007,0.0182406
2.2e-007,0.00801369
2.202e-007,-0.00506038
2.204e-007,-0.012752
2.206e-007,-0.0108265
2.208e-007,-0.0034638
2.21e-007,0.00338158
2.212e-007,0.00546466
2.214e-007,0.000859955
2.216e-007,-0.00787322
2.218e-007,-0.0151229
2.22e-007,-0.0164728
2.222e-007,-0.0111109
2.224e-007,-0.00129507
2.226e-007,0.00919912
2.228e-007,0.0164556
2.23e-007,0.0177062
2.232e-007,0.0132488
2.234e-007,0.0061396
2.236e-007,-0.000174732
2.238e-007,-0.00377216
2.24e-007,-0.00474517
2.242e-007,-0.00470749
2.244e-007,-0.00517686
2.246e-007,-0.00592376
2.248e-007,-0.00551947
2.25e-007,-0.00320342
2.252e-007,0.000623553
2.254e-007,0.00473147
2.256e-007,0.00722568
2.258e-007,0.00696187
2.26e-007,0.00457044
2.262e-007,0.00162398
2.264e-007,-0.000729763
2.266e-007,-0.00216873
2.268e-007,-0.00235374
2.27e-007,-0.00125053
2.272e-007,0.000390577
2.274e-007,0.00168565
2.276e-007,0.00192548
2.278e-007,0.000743467
2.28e-007,-0.00127452
2.282e-007,-0.00273062
2.284e-007,-0.00266895
2.286e-007,-0.00128479
2.288e-007,0.000359742
2.29e-007,0.00120942
2.292e-007,0.00114775
2.294e-007,0.000911347
2.296e-007,0.00113747
2.298e-007,0.00181927
2.3e-007,0.0024668
2.302e-007,0.0025182
2.304e-007,0.00184668
2.306e-007,0.000853103
2.308e-007,-0.000102783
2.31e-007,-0.000894217
2.312e-007,-0.00133961
2.314e-007,-0.0012197
2.316e-007,-0.000359742
2.318e-007,0.000925052
2.32e-007,0.00180556
2.322e-007,0.00168565
2.324e-007,0.000534474
2.326e-007,-0.0010621
2.328e-007,-0.0020077
2.33e-007,-0.00165139
2.332e-007,-0.000489935
2.334e-007,0.000517344
2.336e-007,0.000733189
2.338e-007,0.000287794
2.34e-007,-5.8244e-005
2.342e-007,0.000270663
2.344e-007,0.00118544
2.346e-007,0.00211391
2.348e-007,0.00237773
2.35e-007,0.00182955
2.352e-007,0.00105182
2.354e-007,0.000633832
2.356e-007,0.000596144
2.358e-007,0.000609849
2.36e-007,0.000359742
2.362e-007,-0.000236402
2.364e-007,-0.000784581
2.366e-007,-0.000842825
2.368e-007,-0.000465952
2.37e-007,-3.0835e-005
2.372e-007,7.19485e-005
2.374e-007,-0.000267237
2.376e-007,-0.000760598
2.378e-007,-0.000959313
2.38e-007,-0.000596144
2.382e-007,0.000202141
2.384e-007,0.00100385
2.386e-007,0.00149721
2.388e-007,0.00165139
2.39e-007,0.00162398
2.392e-007,0.00148008
2.394e-007,0.00116145
2.396e-007,0.000671519
2.398e-007,0.000174732
2.4e-007,-6.8522e-006
2.402e-007,0.00018501
2.404e-007,0.000479656
2.406e-007,0.000579014
2.408e-007,0.000380299
2.41e-007,6.85224e-005
2.412e-007,-9.93574e-005
2.414e-007,-3.42611e-005
2.416e-007,3.76873e-005
2.418e-007,-0.000102783
2.42e-007,-0.000448821
2.422e-007,-0.000692076
2.424e-007,-0.000417986
2.426e-007,0.00033576
2.428e-007,0.00106895
2.43e-007,0.00126766
2.432e-007,0.000801711
2.434e-007,3.42612e-005
2.436e-007,-0.000404282
2.438e-007,-0.000154175
2.44e-007,0.00058244
2.442e-007,0.00127794
2.444e-007,0.00151777
2.446e-007,0.0012985
2.448e-007,0.000883938
2.45e-007,0.000527622
2.452e-007,0.000380299
2.454e-007,0.000339186
2.456e-007,0.000232976
2.458e-007,6.85224e-005
2.46e-007,-2.39828e-005
2.462e-007,2.39829e-005
2.464e-007,0.000133619
2.466e-007,0.000147323
2.468e-007,-6.8522e-006
2.47e-007,-0.000267237
2.472e-007,-0.000472804
2.474e-007,-0.000486509
2.476e-007,-0.000318629
2.478e-007,1.71306e-005
2.48e-007,0.000438543
2.482e-007,0.000815416
2.484e-007,0.00103126
2.486e-007,0.00105524
2.488e-007,0.000986722
2.49e-007,0.000887364
2.492e-007,0.000798285
2.494e-007,0.000760598
2.496e-007,0.000788007
2.498e-007,0.000774303
2.5e-007,0.000637258
2.502e-007,0.000428265
2.504e-007,0.000195289
2.506e-007,-1.02783e-005
2.508e-007,-0.00012334
2.51e-007,-0.000205567
2.512e-007,-0.000304924
2.514e-007,-0.000322055
2.516e-007,-0.00022955
2.518e-007,-6.50962e-005
2.52e-007,0.00010621
2.522e-007,0.000205567
2.524e-007,0.000263811
2.526e-007,0.000339186
2.528e-007,0.000510492
2.53e-007,0.000743467
2.532e-007,0.000880512
2.534e-007,0.000887364
2.536e-007,0.000777729
2.538e-007,0.00064411
2.54e-007,0.000616701
2.542e-007,0.000657815
2.544e-007,0.000668093
2.546e-007,0.000555031
2.548e-007,0.00033576
2.55e-007,0.000140471
2.552e-007,7.19485e-005
2.554e-007,0.000137045
2.556e-007,0.000253533
2.558e-007,0.000243254
2.56e-007,6.16701e-005
2.562e-007,-0.000157601
2.564e-007,-0.000226124
2.566e-007,-6.50962e-005
2.568e-007,0.000219272
2.57e-007,0.000435117
2.572e-007,0.000438543
2.574e-007,0.000332333
2.576e-007,0.000301498
2.578e-007,0.000400856
2.58e-007,0.000602997
2.582e-007,0.000746894
2.584e-007,0.000702354
2.586e-007,0.000579014
2.588e-007,0.00052077
2.59e-007,0.000579014
2.592e-007,0.000678371
2.594e-007,0.000668093
2.596e-007,0.000503639
2.598e-007,0.000260385
2.6e-007,0.000109636
2.602e-007,0.00012334
2.604e-007,0.000202141
2.606e-007,0.000188436
2.608e-007,3.08351e-005
2.61e-007,-0.00012334
2.612e-007,-9.93574e-005
2.614e-007,7.53746e-005
2.616e-007,0.000263811
2.618e-007,0.000325481
2.62e-007,0.000253533
2.622e-007,0.000195289
2.624e-007,0.000267237
2.626e-007,0.000469378
2.628e-007,0.000661241
2.63e-007,0.000681797
2.632e-007,0.000551605
2.634e-007,0.000452248
2.636e-007,0.000544753
2.638e-007,0.000760598
2.64e-007,0.000859955
2.642e-007,0.000695502
2.644e-007,0.000325481
2.646e-007,2.39829e-005
2.648e-007,1.71306e-005
2.65e-007,0.000232976
2.652e-007,0.000441969
2.654e-007,0.000421412
2.656e-007,0.000181584
2.658e-007,-6.16701e-005
2.66e-007,-0.000147323
2.662e-007,3.42615e-006
2.664e-007,0.000239828
2.666e-007,0.000328907
2.668e-007,0.00024668
2.67e-007,0.000188436
2.672e-007,0.000308351
2.674e-007,0.000565309
2.676e-007,0.000805138
2.678e-007,0.00082912
2.68e-007,0.000606423
2.682e-007,0.000373447
2.684e-007,0.000318629
2.686e-007,0.0004591
2.688e-007,0.000647536
2.69e-007,0.000702354
2.692e-007,0.000579014
2.694e-007,0.000363168
2.696e-007,0.000222698
2.698e-007,0.000178158
2.7e-007,0.000119914
2.702e-007,6.85227e-006
2.704e-007,-0.00012334
2.706e-007,-0.000133619
2.708e-007,6.50963e-005
2.71e-007,0.00035289
2.712e-007,0.000541327
2.714e-007,0.00052077
2.716e-007,0.000318629
2.718e-007,0.000126766
2.72e-007,0.000140471
2.722e-007,0.000349464
2.724e-007,0.00058244
2.726e-007,0.000678371
2.728e-007,0.000613275
2.73e-007,0.000534474
2.732e-007,0.000551605
2.734e-007,0.000637258
2.736e-007,0.000626979
2.738e-007,0.00041456
2.74e-007,9.25052e-005
2.742e-007,-0.000113062
2.744e-007,-2.05567e-005
2.746e-007,0.000294646
2.748e-007,0.00058244
2.75e-007,0.000572162
2.752e-007,0.000294646
2.754e-007,6.85227e-006
2.756e-007,-0.000102783
2.758e-007,1.37045e-005
2.76e-007,0.000226124
2.762e-007,0.000342612
2.764e-007,0.000332333
2.766e-007,0.000301498
2.768e-007,0.000373447
2.77e-007,0.000572162
2.772e-007,0.000692076
2.774e-007,0.000585866
2.776e-007,0.000366595
2.778e-007,0.000208993
2.78e-007,0.000260385
2.782e-007,0.000493361
2.784e-007,0.00070578
2.786e-007,0.000698928
2.788e-007,0.000469378
2.79e-007,0.000236402
2.792e-007,0.000174732
2.794e-007,0.000236402
2.796e-007,0.00029122
2.798e-007,0.000232976
2.8e-007,9.25052e-005
2.802e-007,2.39829e-005
2.804e-007,0.000130192
2.806e-007,0.00033576
2.808e-007,0.000489935
2.81e-007,0.000438543
2.812e-007,0.000215845
2.814e-007,6.85224e-005
2.816e-007,0.000198715
2.818e-007,0.000483083
2.82e-007,0.000692076
2.822e-007,0.000719485
2.824e-007,0.000589292
2.826e-007,0.000455674
2.828e-007,0.000438543
2.83e-007,0.00052077
2.832e-007,0.000541327
2.834e-007,0.000404282
2.836e-007,0.000215845
2.838e-007,0.000174732
2.84e-007,0.000284368
2.842e-007,0.000387151
2.844e-007,0.000349464
2.846e-007,0.000137045
2.848e-007,-8.56529e-005
2.85e-007,-8.56529e-005
2.852e-007,0.000143897
2.854e-007,0.000407708
2.856e-007,0.000500213
2.858e-007,0.000400856
2.86e-007,0.000339186
2.862e-007,0.000493361
2.864e-007,0.00076745
2.866e-007,0.000901069
2.868e-007,0.000740041
2.87e-007,0.000390577
2.872e-007,0.000133619
2.874e-007,0.000263811
2.876e-007,0.00068865
2.878e-007,0.00100043
2.88e-007,0.000859955
2.882e-007,0.000308351
2.884e-007,-0.000239828
2.886e-007,-0.000370021
2.888e-007,-3.76873e-005
2.89e-007,0.000349464
2.892e-007,0.000376873
2.894e-007,6.16701e-005
2.896e-007,-0.000205567
2.898e-007,-1.02783e-005
2.9e-007,0.000620127
2.902e-007,0.00123683
2.904e-007,0.00137045
2.906e-007,0.000952461
2.908e-007,0.000359742
2.91e-007,7.53746e-005
2.912e-007,0.000277516
2.914e-007,0.000626979
2.916e-007,0.000760598
2.918e-007,0.000544753
2.92e-007,0.00016788
2.922e-007,-1.02783e-005
2.924e-007,0.000102784
2.926e-007,0.000294646
2.928e-007,0.000280942
2.93e-007,5.48179e-005
2.932e-007,-0.000130192
2.934e-007,-4.11134e-005
2.936e-007,0.00035289
2.938e-007,0.000808564
2.94e-007,0.00102784
2.942e-007,0.000931904
2.944e-007,0.000685223
2.946e-007,0.000507065
2.948e-007,0.000465952
2.95e-007,0.000489935
2.952e-007,0.000500213
2.954e-007,0.000445395
2.956e-007,0.000328907
2.958e-007,0.000212419
2.96e-007,0.000116488
2.962e-007,2.39829e-005
2.964e-007,-6.50962e-005
2.966e-007,-0.000150749
2.968e-007,-0.000161027
2.97e-007,3.08351e-005
2.972e-007,0.000428265
2.974e-007,0.000853103
2.976e-007,0.00111006
2.978e-007,0.00108265
2.98e-007,0.000849677
2.982e-007,0.000623553
2.984e-007,0.000534474
2.986e-007,0.000534474
2.988e-007,0.000472804
2.99e-007,0.000263811
2.992e-007,3.76873e-005
2.994e-007,-0.000109636
2.996e-007,-9.59313e-005
2.998e-007,3.76873e-005
3e-007,0.000140471
3.002e-007,0.000140471
3.004e-007,6.85224e-005
3.006e-007,4.79657e-005
3.008e-007,0.000195289
3.01e-007,0.000465952
3.012e-007,0.000719485
3.014e-007,0.000818842
3.016e-007,0.000746894
3.018e-007,0.000640684
3.02e-007,0.000592718
3.022e-007,0.000589292
3.024e-007,0.000565309
3.026e-007,0.000462526
3.028e-007,0.00029122
3.03e-007,0.000150749
3.032e-007,0.000133619
3.034e-007,0.000239828
3.036e-007,0.00033576
3.038e-007,0.000311777
3.04e-007,0.000181584
3.042e-007,8.22268e-005
3.044e-007,0.00012334
3.046e-007,0.000270663
3.048e-007,0.0004591
3.05e-007,0.000534474
3.052e-007,0.000438543
3.054e-007,0.00033576
3.056e-007,0.000325481
3.058e-007,0.000404282
3.06e-007,0.000503639
3.062e-007,0.000513918
3.064e-007,0.000411134
3.066e-007,0.000301498
3.068e-007,0.000311777
3.07e-007,0.000421412
3.072e-007,0.000500213
3.074e-007,0.000462526
3.076e-007,0.000322055
3.078e-007,0.000205567
3.08e-007,0.000202141
3.082e-007,0.000318629
3.084e-007,0.000438543
3.086e-007,0.000428265
3.088e-007,0.000304924
3.09e-007,0.000188436
3.092e-007,0.000195289
3.094e-007,0.000311777
3.096e-007,0.00041456
3.098e-007,0.000424839
3.1e-007,0.000318629
3.102e-007,0.000198715
3.104e-007,0.000198715
3.106e-007,0.000325481
3.108e-007,0.0004591
3.11e-007,0.000493361
3.112e-007,0.000394004
3.114e-007,0.000294646
3.116e-007,0.000308351
3.118e-007,0.00041456
3.12e-007,0.000510492
3.122e-007,0.000500213
3.124e-007,0.000394004
3.126e-007,0.000263811
3.128e-007,0.000243254
3.13e-007,0.000346038
3.132e-007,0.000431691
3.134e-007,0.00041456
3.136e-007,0.000315203
3.138e-007,0.000195289
3.14e-007,0.000198715
3.142e-007,0.000318629
3.144e-007,0.000417986
3.146e-007,0.000407708
3.148e-007,0.000308351
3.15e-007,0.000219272
3.152e-007,0.000226124
3.154e-007,0.000339186
3.156e-007,0.000479656
3.158e-007,0.000503639
3.16e-007,0.000400856
3.162e-007,0.00029122
3.164e-007,0.000277516
3.166e-007,0.000370021
3.168e-007,0.000510492
3.17e-007,0.000524196
3.172e-007,0.00039743
3.174e-007,0.000263811
3.176e-007,0.000239828
3.178e-007,0.000332333
3.18e-007,0.000431691
3.182e-007,0.000417986
3.184e-007,0.000284368
3.186e-007,0.00016788
3.188e-007,0.000171306
3.19e-007,0.000284368
3.192e-007,0.000404282
3.194e-007,0.000435117
3.196e-007,0.000342612
3.198e-007,0.000236402
3.2e-007,0.000267237
3.202e-007,0.000400856
3.204e-007,0.000510492
3.206e-007,0.000517344
3.208e-007,0.000400856
3.21e-007,0.000267237
3.212e-007,0.000260385
3.214e-007,0.000359742
3.216e-007,0.00047623
3.218e-007,0.00047623
3.22e-007,0.000342612
3.222e-007,0.00022955
3.224e-007,0.000232976
3.226e-007,0.00035289
3.228e-007,0.000455674
3.23e-007,0.000421412
3.232e-007,0.000308351
3.234e-007,0.000205567
3.236e-007,0.000212419
3.238e-007,0.000328907
3.24e-007,0.000441969
3.242e-007,0.000462526
3.244e-007,0.000359742
3.246e-007,0.00022955
3.248e-007,0.000226124
3.25e-007,0.000328907
3.252e-007,0.000445395
3.254e-007,0.00047623
3.256e-007,0.000363168
3.258e-007,0.000253533
3.26e-007,0.000253533
3.262e-007,0.00035289
3.264e-007,0.000472804
3.266e-007,0.000486509
3.268e-007,0.000366595
3.27e-007,0.00024668
3.272e-007,0.000256959
3.274e-007,0.00035289
3.276e-007,0.000455674
3.278e-007,0.000472804
3.28e-007,0.000339186
3.282e-007,0.000191863
3.284e-007,0.000191863
3.286e-007,0.000298072
3.288e-007,0.000407708
3.29e-007,0.000424839
3.292e-007,0.000325481
3.294e-007,0.000205567
3.296e-007,0.000219272
3.298e-007,0.00035289
3.3e-007,0.000472804
3.302e-007,0.000472804
3.304e-007,0.000356316
3.306e-007,0.000270663
3.308e-007,0.000274089
3.31e-007,0.000363168
3.312e-007,0.000486509
3.314e-007,0.000496787
3.316e-007,0.000387151
3.318e-007,0.000260385
3.32e-007,0.00024668
3.322e-007,0.000359742
3.324e-007,0.000465952
3.326e-007,0.0004591
3.328e-007,0.000332333
3.33e-007,0.000212419
3.332e-007,0.000208993
3.334e-007,0.000301498
3.336e-007,0.000404282
3.338e-007,0.000435117
3.34e-007,0.000359742
3.342e-007,0.000256959
3.344e-007,0.000260385
3.346e-007,0.000376873
3.348e-007,0.000479656
3.35e-007,0.000469378
3.352e-007,0.000356316
3.354e-007,0.000239828
3.356e-007,0.000250107
3.358e-007,0.000366595
3.36e-007,0.000465952
3.362e-007,0.000455674
3.364e-007,0.00033576
3.366e-007,0.000222698
3.368e-007,0.000222698
3.37e-007,0.000339186
3.372e-007,0.000462526
3.374e-007,0.000445395
3.376e-007,0.000325481
3.378e-007,0.000226124
3.38e-007,0.000232976
3.382e-007,0.000346038
3.384e-007,0.000452248
3.386e-007,0.000465952
3.388e-007,0.000363168
3.39e-007,0.000239828
3.392e-007,0.000250107
3.394e-007,0.000387151
3.396e-007,0.000479656
3.398e-007,0.000469378
3.4e-007,0.000359742
3.402e-007,0.000226124
3.404e-007,0.00022955
3.406e-007,0.000363168
3.408e-007,0.000479656
3.41e-007,0.000452248
3.412e-007,0.00033576
3.414e-007,0.000232976
3.416e-007,0.00022955
3.418e-007,0.00033576
3.42e-007,0.000455674
3.422e-007,0.0004591
3.424e-007,0.000325481
3.426e-007,0.000208993
3.428e-007,0.000208993
3.43e-007,0.000311777
3.432e-007,0.000417986
3.434e-007,0.000421412
3.436e-007,0.000342612
3.438e-007,0.000243254
3.44e-007,0.000236402
3.442e-007,0.000363168
3.444e-007,0.000465952
3.446e-007,0.0004591
3.448e-007,0.00035289
3.45e-007,0.000239828
3.452e-007,0.00024668
3.454e-007,0.00035289
3.456e-007,0.00047623
3.458e-007,0.000483083
3.46e-007,0.000349464
3.462e-007,0.00022955
3.464e-007,0.000243254
3.466e-007,0.00035289
3.468e-007,0.000462526
3.47e-007,0.000455674
3.472e-007,0.000339186
3.474e-007,0.000219272
3.476e-007,0.000215845
3.478e-007,0.000339186
3.48e-007,0.000462526
3.482e-007,0.0004591
3.484e-007,0.00035289
3.486e-007,0.00024668
3.488e-007,0.000243254
3.49e-007,0.000363168
3.492e-007,0.000479656
3.494e-007,0.000472804
3.496e-007,0.000342612
3.498e-007,0.000226124
3.5e-007,0.00024668
3.502e-007,0.000383725
3.504e-007,0.000496787
3.506e-007,0.000455674
3.508e-007,0.000308351
3.51e-007,0.000198715
3.512e-007,0.000212419
3.514e-007,0.000339186
3.516e-007,0.000455674
3.518e-007,0.000448821
3.52e-007,0.00033576
3.522e-007,0.000232976
3.524e-007,0.000232976
3.526e-007,0.00033576
3.528e-007,0.000455674
3.53e-007,0.000445395
3.532e-007,0.000308351
3.534e-007,0.000205567
3.536e-007,0.000222698
3.538e-007,0.00033576
3.54e-007,0.000445395
3.542e-007,0.00047623
3.544e-007,0.000380299
3.546e-007,0.000250107
3.548e-007,0.000263811
3.55e-007,0.000387151
3.552e-007,0.000496787
3.554e-007,0.00047623
3.556e-007,0.000356316
3.558e-007,0.00024668
3.56e-007,0.000260385
3.562e-007,0.000383725
3.564e-007,0.000489935
3.566e-007,0.000479656
3.568e-007,0.00033576
3.57e-007,0.000205567
3.572e-007,0.000222698
3.574e-007,0.000356316
3.576e-007,0.000469378
3.578e-007,0.000452248
3.58e-007,0.000332333
3.582e-007,0.000219272
3.584e-007,0.000232976
3.586e-007,0.000373447
3.588e-007,0.000486509
3.59e-007,0.000472804
3.592e-007,0.000349464
3.594e-007,0.00022955
3.596e-007,0.000222698
3.598e-007,0.000339186
3.6e-007,0.000472804
3.602e-007,0.000469378
3.604e-007,0.00033576
3.606e-007,0.000232976
3.608e-007,0.000236402
3.61e-007,0.000328907
3.612e-007,0.000445395
3.614e-007,0.000452248
3.616e-007,0.000332333
3.618e-007,0.000222698
3.62e-007,0.000236402
3.622e-007,0.000366595
3.624e-007,0.000465952
3.626e-007,0.000428265
3.628e-007,0.000284368
3.63e-007,0.000188436
3.632e-007,0.000232976
3.634e-007,0.000373447
3.636e-007,0.000472804
3.638e-007,0.0004591
3.64e-007,0.000363168
3.642e-007,0.00024668
3.644e-007,0.000250107
3.646e-007,0.000387151
3.648e-007,0.000507065
3.65e-007,0.000493361
3.652e-007,0.000366595
3.654e-007,0.000260385
3.656e-007,0.000256959
3.658e-007,0.000370021
3.66e-007,0.000479656
3.662e-007,0.000445395
3.664e-007,0.000294646
3.666e-007,0.000178158
3.668e-007,0.000232976
3.67e-007,0.000383725
3.672e-007,0.000483083
3.674e-007,0.000462526
3.676e-007,0.00033576
3.678e-007,0.000236402
3.68e-007,0.000260385
3.682e-007,0.000387151
3.684e-007,0.000493361
3.686e-007,0.000469378
3.688e-007,0.000342612
3.69e-007,0.000243254
3.692e-007,0.000284368
3.694e-007,0.000417986
3.696e-007,0.000483083
3.698e-007,0.000435117
3.7e-007,0.000311777
3.702e-007,0.000243254
3.704e-007,0.000298072
3.706e-007,0.000400856
3.708e-007,0.000462526
3.71e-007,0.000404282
3.712e-007,0.000287794
3.714e-007,0.000250107
3.716e-007,0.000322055
3.718e-007,0.000462526
3.72e-007,0.000541327
3.722e-007,0.000421412
3.724e-007,0.000222698
3.726e-007,0.000157601
3.728e-007,0.000253533
3.73e-007,0.000417986
3.732e-007,0.0005379
3.734e-007,0.000500213
3.736e-007,0.000342612
3.738e-007,0.000250107
3.74e-007,0.00029122
3.742e-007,0.00039743
3.744e-007,0.000435117
3.746e-007,0.000349464
3.748e-007,0.000212419
3.75e-007,0.000181584
3.752e-007,0.000322055
3.754e-007,0.000503639
3.756e-007,0.000579014
3.758e-007,0.000517344
3.76e-007,0.000342612
3.762e-007,0.00022955
3.764e-007,0.000284368
3.766e-007,0.000394004
3.768e-007,0.000445395
3.77e-007,0.000363168
3.772e-007,0.000222698
3.774e-007,0.000188436
3.776e-007,0.000304924
3.778e-007,0.000493361
3.78e-007,0.000575588
3.782e-007,0.00047623
3.784e-007,0.000311777
3.786e-007,0.000219272
3.788e-007,0.000294646
3.79e-007,0.000455674
3.792e-007,0.000513918
3.794e-007,0.000428265
3.796e-007,0.000298072
3.798e-007,0.000239828
3.8e-007,0.000332333
3.802e-007,0.000479656
3.804e-007,0.000510492
3.806e-007,0.000383725
3.808e-007,0.000226124
3.81e-007,0.000174732
3.812e-007,0.00029122
3.814e-007,0.000486509
3.816e-007,0.000575588
3.818e-007,0.000479656
3.82e-007,0.000322055
3.822e-007,0.000236402
3.824e-007,0.000308351
3.826e-007,0.000462526
3.828e-007,0.0005379
3.83e-007,0.000465952
3.832e-007,0.000308351
3.834e-007,0.000243254
3.836e-007,0.000322055
3.838e-007,0.000455674
3.84e-007,0.000527622
3.842e-007,0.00041456
3.844e-007,0.000208993
3.846e-007,0.000140471
3.848e-007,0.000267237
3.85e-007,0.000472804
3.852e-007,0.000572162
3.854e-007,0.000486509
3.856e-007,0.000304924
3.858e-007,0.000205567
3.86e-007,0.000277516
3.862e-007,0.000421412
3.864e-007,0.000527622
3.866e-007,0.00047623
3.868e-007,0.000318629
3.87e-007,0.000208993
3.872e-007,0.000277516
3.874e-007,0.000441969
3.876e-007,0.000503639
3.878e-007,0.000400856
3.88e-007,0.000243254
3.882e-007,0.00018501
3.884e-007,0.000270663
3.886e-007,0.000411134
3.888e-007,0.000479656
3.89e-007,0.000417986
3.892e-007,0.000301498
3.894e-007,0.000256959
3.896e-007,0.000359742
3.898e-007,0.00052077
3.9e-007,0.000592718
3.902e-007,0.000510492
3.904e-007,0.000318629
3.906e-007,0.000164454
3.908e-007,0.000195289
3.91e-007,0.000363168
3.912e-007,0.000486509
3.914e-007,0.000469378
3.916e-007,0.000346038
3.918e-007,0.000260385
3.92e-007,0.000287794
3.922e-007,0.000394004
3.924e-007,0.000462526
3.926e-007,0.000421412
3.928e-007,0.000294646
3.93e-007,0.000212419
3.932e-007,0.000298072
3.934e-007,0.000448821
3.936e-007,0.000534474
3.938e-007,0.000496787
3.94e-007,0.000342612
3.942e-007,0.000236402
3.944e-007,0.000277516
3.946e-007,0.000394004
3.948e-007,0.000465952
3.95e-007,0.000421412
3.952e-007,0.000277516
3.954e-007,0.000178158
3.956e-007,0.000239828
3.958e-007,0.000404282
3.96e-007,0.000500213
3.962e-007,0.000465952
3.964e-007,0.000342612
3.966e-007,0.000236402
3.968e-007,0.000274089
3.97e-007,0.000411134
3.972e-007,0.000493361
3.974e-007,0.000486509
3.976e-007,0.000366595
3.978e-007,0.000243254
3.98e-007,0.000263811
3.982e-007,0.000376873
3.984e-007,0.000431691
3.986e-007,0.000390577
3.988e-007,0.000284368
3.99e-007,0.000202141
3.992e-007,0.000263811
3.994e-007,0.00041456
3.996e-007,0.000527622
3.998e-007,0.000507065
4e-007,0.000346038
4.002e-007,0.000219272
4.004e-007,0.000256959
4.006e-007,0.000383725
4.008e-007,0.000465952
4.01e-007,0.000448821
4.012e-007,0.000328907
4.014e-007,0.000243254
4.016e-007,0.000284368
4.018e-007,0.000383725
4.02e-007,0.000455674
4.022e-007,0.00041456
4.024e-007,0.000277516
4.026e-007,0.000202141
4.028e-007,0.000260385
4.03e-007,0.000404282
4.032e-007,0.000527622
4.034e-007,0.000517344
4.036e-007,0.000373447
4.038e-007,0.000253533
4.04e-007,0.000274089
4.042e-007,0.000387151
4.044e-007,0.000472804
4.046e-007,0.000445395
4.048e-007,0.000308351
4.05e-007,0.000181584
4.052e-007,0.000226124
4.054e-007,0.000394004
4.056e-007,0.000489935
4.058e-007,0.000448821
4.06e-007,0.000308351
4.062e-007,0.000215845
4.064e-007,0.000263811
4.066e-007,0.000373447
4.068e-007,0.000448821
4.07e-007,0.000424839
4.072e-007,0.000298072
4.074e-007,0.000222698
4.076e-007,0.000277516
4.078e-007,0.000404282
4.08e-007,0.000500213
4.082e-007,0.0004591
4.084e-007,0.000328907
4.086e-007,0.000236402
4.088e-007,0.000287794
4.09e-007,0.000407708
4.092e-007,0.000489935
4.094e-007,0.0004591
4.096e-007,0.000318629
4.098e-007,0.000208993
4.1e-007,0.000250107
4.102e-007,0.000387151
4.104e-007,0.000486509
4.106e-007,0.000462526
4.108e-007,0.000332333
4.11e-007,0.000232976
4.112e-007,0.000267237
4.114e-007,0.00039743
4.116e-007,0.000486509
4.118e-007,0.000445395
4.12e-007,0.000308351
4.122e-007,0.000198715
4.124e-007,0.000232976
4.126e-007,0.000380299
4.128e-007,0.000489935
4.13e-007,0.000445395
4.132e-007,0.000311777
4.134e-007,0.000226124
4.136e-007,0.000253533
4.138e-007,0.000380299
4.14e-007,0.000483083
4.142e-007,0.0004591
4.144e-007,0.000339186
4.146e-007,0.00022955
4.148e-007,0.000253533
4.15e-007,0.000370021
4.152e-007,0.0004591
4.154e-007,0.000428265
4.156e-007,0.000304924
4.158e-007,0.000226124
4.16e-007,0.000274089
4.162e-007,0.000407708
4.164e-007,0.000479656
4.166e-007,0.000448821
4.168e-007,0.000325481
4.17e-007,0.00022955
4.172e-007,0.000270663
4.174e-007,0.000383725
4.176e-007,0.000469378
4.178e-007,0.000465952
4.18e-007,0.000342612
4.182e-007,0.000243254
4.184e-007,0.000287794
4.186e-007,0.00039743
4.188e-007,0.00047623
4.19e-007,0.000455674
4.192e-007,0.000342612
4.194e-007,0.000256959
4.196e-007,0.000298072
4.198e-007,0.000404282
4.2e-007,0.000486509
4.202e-007,0.000441969
4.204e-007,0.000298072
4.206e-007,0.000222698
4.208e-007,0.000267237
4.21e-007,0.000373447
4.212e-007,0.000472804
4.214e-007,0.000455674
4.216e-007,0.000322055
4.218e-007,0.000243254
4.22e-007,0.000298072
4.222e-007,0.000411134
4.224e-007,0.000479656
4.226e-007,0.000448821
4.228e-007,0.000328907
4.23e-007,0.000226124
4.232e-007,0.000274089
4.234e-007,0.000417986
4.236e-007,0.000493361
4.238e-007,0.000455674
4.24e-007,0.000325481
4.242e-007,0.000219272
4.244e-007,0.000253533
4.246e-007,0.000373447
4.248e-007,0.000469378
4.25e-007,0.000431691
4.252e-007,0.000298072
4.254e-007,0.000198715
4.256e-007,0.000236402
4.258e-007,0.000387151
4.26e-007,0.000479656
4.262e-007,0.000445395
4.264e-007,0.000322055
4.266e-007,0.000222698
4.268e-007,0.000250107
4.27e-007,0.000387151
4.272e-007,0.000479656
4.274e-007,0.000445395
4.276e-007,0.000308351
4.278e-007,0.000208993
4.28e-007,0.000274089
4.282e-007,0.000400856
4.284e-007,0.000479656
4.286e-007,0.000445395
4.288e-007,0.000315203
4.29e-007,0.000243254
4.292e-007,0.000277516
4.294e-007,0.000380299
4.296e-007,0.000469378
4.298e-007,0.000455674
4.3e-007,0.000325481
4.302e-007,0.000232976
4.304e-007,0.000263811
4.306e-007,0.000370021
4.308e-007,0.0004591
4.31e-007,0.000438543
4.312e-007,0.000328907
4.314e-007,0.00024668
4.316e-007,0.000304924
4.318e-007,0.000435117
4.32e-007,0.000500213
4.322e-007,0.000448821
4.324e-007,0.000318629
4.326e-007,0.000239828
4.328e-007,0.000284368
4.33e-007,0.00039743
4.332e-007,0.000479656
4.334e-007,0.000448821
4.336e-007,0.000318629
4.338e-007,0.000219272
4.34e-007,0.000239828
4.342e-007,0.000363168
4.344e-007,0.000465952
4.346e-007,0.000435117
4.348e-007,0.000318629
4.35e-007,0.000250107
4.352e-007,0.000318629
4.354e-007,0.000435117
4.356e-007,0.000486509
4.358e-007,0.000431691
4.36e-007,0.000315203
4.362e-007,0.000236402
4.364e-007,0.000274089
4.366e-007,0.000411134
4.368e-007,0.000493361
4.37e-007,0.000417986
4.372e-007,0.000280942
4.374e-007,0.000205567
4.376e-007,0.000267237
4.378e-007,0.000417986
4.38e-007,0.000524196
4.382e-007,0.000493361
4.384e-007,0.000339186
4.386e-007,0.000232976
4.388e-007,0.000277516
4.39e-007,0.00041456
4.392e-007,0.000500213
4.394e-007,0.000441969
4.396e-007,0.000301498
4.398e-007,0.000208993
4.4e-007,0.000260385
4.402e-007,0.000390577
4.404e-007,0.00047623
4.406e-007,0.000417986
4.408e-007,0.00029122
4.41e-007,0.000232976
4.412e-007,0.000294646
4.414e-007,0.000435117
4.416e-007,0.000507065
4.418e-007,0.00041456
4.42e-007,0.000260385
4.422e-007,0.000212419
4.424e-007,0.000301498
4.426e-007,0.000445395
4.428e-007,0.000534474
4.43e-007,0.000479656
4.432e-007,0.000322055
4.434e-007,0.00022955
4.436e-007,0.00029122
4.438e-007,0.000435117
4.44e-007,0.000510492
4.442e-007,0.000435117
4.444e-007,0.000284368
4.446e-007,0.000239828
4.448e-007,0.000328907
4.45e-007,0.000448821
4.452e-007,0.000503639
4.454e-007,0.000417986
4.456e-007,0.000277516
4.458e-007,0.000226124
4.46e-007,0.000315203
4.462e-007,0.000489935
4.464e-007,0.000565309
4.466e-007,0.000452248
4.468e-007,0.000294646
4.47e-007,0.000239828
4.472e-007,0.000308351
4.474e-007,0.000421412
4.476e-007,0.000462526
4.478e-007,0.000363168
4.48e-007,0.000212419
4.482e-007,0.000195289
4.484e-007,0.00033576
4.486e-007,0.000517344
4.488e-007,0.00058244
4.49e-007,0.000486509
4.492e-007,0.000301498
4.494e-007,0.000198715
4.496e-007,0.000284368
4.498e-007,0.000448821
4.5e-007,0.000541327
4.502e-007,0.000479656
4.504e-007,0.000301498
4.506e-007,0.000188436
4.508e-007,0.000263811
4.51e-007,0.000421412
4.512e-007,0.000479656
4.514e-007,0.000394004
4.516e-007,0.000263811
4.518e-007,0.000219272
4.52e-007,0.000311777
4.522e-007,0.000465952
4.524e-007,0.000548179
4.526e-007,0.000496787
4.528e-007,0.000363168
4.53e-007,0.000298072
4.532e-007,0.000363168
4.534e-007,0.000462526
4.536e-007,0.000483083
4.538e-007,0.000363168
4.54e-007,0.000198715
4.542e-007,0.000174732
4.544e-007,0.000318629
4.546e-007,0.000493361
4.548e-007,0.000558457
4.55e-007,0.0004591
4.552e-007,0.000301498
4.554e-007,0.000243254
4.556e-007,0.000349464
4.558e-007,0.000489935
4.56e-007,0.000527622
4.562e-007,0.000421412
4.564e-007,0.000260385
4.566e-007,0.000195289
4.568e-007,0.00029122
4.57e-007,0.000462526
4.572e-007,0.000534474
4.574e-007,0.000441969
4.576e-007,0.000274089
4.578e-007,0.000205567
4.58e-007,0.000325481
4.582e-007,0.000496787
4.584e-007,0.000561883
4.586e-007,0.00047623
4.588e-007,0.00029122
4.59e-007,0.000208993
4.592e-007,0.00029122
4.594e-007,0.000435117
4.596e-007,0.000503639
4.598e-007,0.000407708
4.6e-007,0.000263811
4.602e-007,0.000222698
4.604e-007,0.000308351
4.606e-007,0.000438543
4.608e-007,0.000479656
4.61e-007,0.000404282
4.612e-007,0.000301498
4.614e-007,0.000284368
4.616e-007,0.00039743
4.618e-007,0.000565309
4.62e-007,0.000599571
4.622e-007,0.000448821
4.624e-007,0.00024668
4.626e-007,0.00016788
4.628e-007,0.000267237
4.63e-007,0.000424839
4.632e-007,0.000472804
4.634e-007,0.000383725
4.636e-007,0.000239828
4.638e-007,0.000188436
4.64e-007,0.000332333
4.642e-007,0.000544753
4.644e-007,0.000623553
4.646e-007,0.000507065
4.648e-007,0.000318629
4.65e-007,0.000212419
4.652e-007,0.000280942
4.654e-007,0.000462526
4.656e-007,0.000548179
4.658e-007,0.000448821
4.66e-007,0.000263811
4.662e-007,0.00018501
4.664e-007,0.000287794
4.666e-007,0.000441969
4.668e-007,0.000524196
4.67e-007,0.000455674
4.672e-007,0.000311777
4.674e-007,0.000267237
4.676e-007,0.000349464
4.678e-007,0.0004591
4.68e-007,0.000496787
4.682e-007,0.000417986
4.684e-007,0.00029122
4.686e-007,0.000263811
4.688e-007,0.000356316
4.69e-007,0.000472804
4.692e-007,0.000517344
4.694e-007,0.000438543
4.696e-007,0.000298072
4.698e-007,0.00024668
4.7e-007,0.000342612
4.702e-007,0.000493361
4.704e-007,0.000534474
4.706e-007,0.000400856
4.708e-007,0.000212419
4.71e-007,0.000164454
4.712e-007,0.000328907
4.714e-007,0.000541327
4.716e-007,0.000602997
4.718e-007,0.0004591
4.72e-007,0.000250107
4.722e-007,0.000191863
4.724e-007,0.000315203
4.726e-007,0.000479656
4.728e-007,0.000548179
4.73e-007,0.000431691
4.732e-007,0.000239828
4.734e-007,0.000171306
4.736e-007,0.000304924
4.738e-007,0.00052077
4.74e-007,0.000589292
4.742e-007,0.000469378
4.744e-007,0.000280942
4.746e-007,0.000215845
4.748e-007,0.000322055
4.75e-007,0.000500213
4.752e-007,0.000579014
4.754e-007,0.0004591
4.756e-007,0.000260385
4.758e-007,0.000181584
4.76e-007,0.000274089
4.762e-007,0.000438543
4.764e-007,0.00052077
4.766e-007,0.000438543
4.768e-007,0.000328907
4.77e-007,0.000304924
4.772e-007,0.000400856
4.774e-007,0.000531048
4.776e-007,0.0005379
4.778e-007,0.000407708
4.78e-007,0.000260385
4.782e-007,0.000226124
4.784e-007,0.000349464
4.786e-007,0.000483083
4.788e-007,0.000483083
4.79e-007,0.000376873
4.792e-007,0.000250107
4.794e-007,0.000222698
4.796e-007,0.00035289
4.798e-007,0.000524196
4.8e-007,0.000575588
4.802e-007,0.000438543
4.804e-007,0.000239828
4.806e-007,0.000188436
4.808e-007,0.000328907
4.81e-007,0.000524196
4.812e-007,0.000589292
4.814e-007,0.000469378
4.816e-007,0.000298072
4.818e-007,0.000263811
4.82e-007,0.000394004
4.822e-007,0.000524196
4.824e-007,0.000527622
4.826e-007,0.000383725
4.828e-007,0.000205567
4.83e-007,0.000171306
4.832e-007,0.000311777
4.834e-007,0.000486509
4.836e-007,0.000548179
4.838e-007,0.000435117
4.84e-007,0.000232976
4.842e-007,0.000157601
4.844e-007,0.000280942
4.846e-007,0.000486509
4.848e-007,0.000596144
4.85e-007,0.000513918
4.852e-007,0.000349464
4.854e-007,0.000284368
4.856e-007,0.000342612
4.858e-007,0.000441969
4.86e-007,0.000462526
4.862e-007,0.000359742
4.864e-007,0.000232976
4.866e-007,0.000226124
4.868e-007,0.000359742
4.87e-007,0.000510492
4.872e-007,0.000534474
4.874e-007,0.000387151
4.876e-007,0.000202141
4.878e-007,0.000178158
4.88e-007,0.00033576
4.882e-007,0.000544753
4.884e-007,0.000637258
4.886e-007,0.000510492
4.888e-007,0.000318629
4.89e-007,0.000232976
4.892e-007,0.000298072
4.894e-007,0.000431691
4.896e-007,0.000472804
4.898e-007,0.000380299
4.9e-007,0.000243254
4.902e-007,0.000208993
4.904e-007,0.000328907
4.906e-007,0.000489935
4.908e-007,0.000558457
4.91e-007,0.000455674
4.912e-007,0.000298072
4.914e-007,0.000250107
4.916e-007,0.000380299
4.918e-007,0.000555031
4.92e-007,0.000613275
4.922e-007,0.000503639
4.924e-007,0.000298072
4.926e-007,0.000222698
4.928e-007,0.000304924
4.93e-007,0.000448821
4.932e-007,0.000489935
4.934e-007,0.000339186
4.936e-007,0.00016788
4.938e-007,0.000157601
4.94e-007,0.000311777
4.942e-007,0.000517344
4.944e-007,0.000616701
4.946e-007,0.000544753
4.948e-007,0.00039743
4.95e-007,0.000318629
4.952e-007,0.000376873
4.954e-007,0.000489935
4.956e-007,0.000493361
4.958e-007,0.000373447
4.96e-007,0.000256959
4.962e-007,0.000256959
4.964e-007,0.000411134
4.966e-007,0.000561883
4.968e-007,0.000555031
4.97e-007,0.000370021
4.972e-007,0.000137045
4.974e-007,8.5653e-005
4.976e-007,0.000226124
4.978e-007,0.000448821
4.98e-007,0.000585866
4.982e-007,0.000534474
4.984e-007,0.00039743
4.986e-007,0.000328907
4.988e-007,0.000404282
4.99e-007,0.000503639
4.992e-007,0.000486509
4.994e-007,0.000339186
4.996e-007,0.000188436
4.998e-007,0.000171306
5e-007,0.000325481
5.002e-007,0.00052077
5.004e-007,0.000572162
5.006e-007,0.000445395
5.008e-007,0.000239828
5.01e-007,0.000119914
5.012e-007,0.000222698
5.014e-007,0.000441969
5.016e-007,0.000572162
5.018e-007,0.000534474
5.02e-007,0.000411134
5.022e-007,0.000346038
5.024e-007,0.000407708
5.026e-007,0.000496787
5.028e-007,0.000496787
5.03e-007,0.000359742
5.032e-007,0.00018501
5.034e-007,0.000140471
5.036e-007,0.000270663
5.038e-007,0.000462526
5.04e-007,0.000513918
5.042e-007,0.000400856
5.044e-007,0.000260385
5.046e-007,0.00024668
5.048e-007,0.00039743
5.05e-007,0.000575588
5.052e-007,0.000592718
5.054e-007,0.000455674
5.056e-007,0.000301498
5.058e-007,0.000260385
5.06e-007,0.000356316
5.062e-007,0.000493361
5.064e-007,0.000524196
5.066e-007,0.000400856
5.068e-007,0.000205567
5.07e-007,0.000113062
5.072e-007,0.000222698
5.074e-007,0.00041456
5.076e-007,0.00052077
5.078e-007,0.000465952
5.08e-007,0.000339186
5.082e-007,0.000318629
5.084e-007,0.000435117
5.086e-007,0.000585866
5.088e-007,0.000609849
5.09e-007,0.0004591
5.092e-007,0.000250107
5.094e-007,0.000202141
5.096e-007,0.000315203
5.098e-007,0.000448821
5.1e-007,0.000469378
5.102e-007,0.000325481
5.104e-007,0.00016788
5.106e-007,0.000178158
5.108e-007,0.000376873
5.11e-007,0.000589292
5.112e-007,0.000650962
5.114e-007,0.000510492
5.116e-007,0.000304924
5.118e-007,0.00024668
5.12e-007,0.000366595
5.122e-007,0.00052077
5.124e-007,0.000541327
5.126e-007,0.000400856
5.128e-007,0.000232976
5.13e-007,0.000205567
5.132e-007,0.000366595
5.134e-007,0.000558457
5.136e-007,0.000585866
5.138e-007,0.000394004
5.14e-007,0.000157601
5.142e-007,0.00010621
5.144e-007,0.000311777
5.146e-007,0.000555031
5.148e-007,0.000599571
5.15e-007,0.000462526
5.152e-007,0.000284368
5.154e-007,0.000222698
5.156e-007,0.000363168
5.158e-007,0.000561883
5.16e-007,0.000620127
5.162e-007,0.000496787
5.164e-007,0.00029122
5.166e-007,0.000208993
5.168e-007,0.000294646
5.17e-007,0.000435117
5.172e-007,0.000483083
5.174e-007,0.000380299
5.176e-007,0.000277516
5.178e-007,0.000308351
5.18e-007,0.0004591
5.182e-007,0.000565309
5.184e-007,0.000531048
5.186e-007,0.000349464
5.188e-007,0.000154175
5.19e-007,0.000171306
5.192e-007,0.000376873
5.194e-007,0.000585866
5.196e-007,0.000620127
5.198e-007,0.000441969
5.2e-007,0.000226124
5.202e-007,0.000164454
5.204e-007,0.000318629
5.206e-007,0.000541327
5.208e-007,0.000609849
5.21e-007,0.000483083
5.212e-007,0.000346038
5.214e-007,0.000325481
5.216e-007,0.000411134
5.218e-007,0.000486509
5.22e-007,0.000455674
5.222e-007,0.000332333
5.224e-007,0.000202141
5.226e-007,0.000205567
5.228e-007,0.000376873
5.23e-007,0.000558457
5.232e-007,0.000572162
5.234e-007,0.000390577
5.236e-007,0.000215845
5.238e-007,0.000239828
5.24e-007,0.000452248
5.242e-007,0.000671519
5.244e-007,0.000712632
5.246e-007,0.000534474
5.248e-007,0.000263811
5.25e-007,0.000133619
5.252e-007,0.000222698
5.254e-007,0.000387151
5.256e-007,0.000452248
5.258e-007,0.000373447
5.26e-007,0.000253533
5.262e-007,0.000263811
5.264e-007,0.000448821
5.266e-007,0.000623553
5.268e-007,0.000616701
5.27e-007,0.000435117
5.272e-007,0.00024668
5.274e-007,0.000215845
5.276e-007,0.000373447
5.278e-007,0.000579014
5.28e-007,0.000609849
5.282e-007,0.000424839
5.284e-007,0.000202141
5.286e-007,0.000174732
5.288e-007,0.000359742
5.29e-007,0.000575588
5.292e-007,0.000626979
5.294e-007,0.000462526
5.296e-007,0.00022955
5.298e-007,0.000164454
5.3e-007,0.000318629
5.302e-007,0.000517344
5.304e-007,0.000572162
5.306e-007,0.000431691
5.308e-007,0.000256959
5.31e-007,0.00022955
5.312e-007,0.000349464
5.314e-007,0.000510492
5.316e-007,0.000561883
5.318e-007,0.000486509
5.32e-007,0.000370021
5.322e-007,0.000339186
5.324e-007,0.000452248
5.326e-007,0.000558457
5.328e-007,0.000479656
5.33e-007,0.000256959
5.332e-007,7.88007e-005
5.334e-007,0.00010621
5.336e-007,0.00035289
5.338e-007,0.000606423
5.34e-007,0.000650962
5.342e-007,0.00047623
5.344e-007,0.000280942
5.346e-007,0.000270663
5.348e-007,0.000438543
5.35e-007,0.000620127
5.352e-007,0.000657815
5.354e-007,0.0004591
5.356e-007,0.000188436
5.358e-007,0.000113062
5.36e-007,0.00022955
5.362e-007,0.000383725
5.364e-007,0.000472804
5.366e-007,0.000428265
5.368e-007,0.000339186
5.37e-007,0.000380299
5.372e-007,0.000551605
5.374e-007,0.00070578
5.376e-007,0.000678371
5.378e-007,0.000421412
5.38e-007,0.000157601
5.382e-007,0.000119914
5.384e-007,0.000311777
5.386e-007,0.000531048
5.388e-007,0.000602997
5.39e-007,0.000445395
5.392e-007,0.000212419
5.394e-007,0.000154175
5.396e-007,0.000294646
5.398e-007,0.000507065
5.4e-007,0.000592718
5.402e-007,0.000500213
5.404e-007,0.000373447
5.406e-007,0.000339186
5.408e-007,0.000421412
5.41e-007,0.000531048
5.412e-007,0.000503639
5.414e-007,0.000322055
5.416e-007,0.00016788
5.418e-007,0.00018501
5.42e-007,0.000376873
5.422e-007,0.000568735
5.424e-007,0.000579014
5.426e-007,0.000394004
5.428e-007,0.000181584
5.43e-007,0.000174732
5.432e-007,0.000394004
5.434e-007,0.000609849
5.436e-007,0.000654388
5.438e-007,0.000500213
5.44e-007,0.000284368
5.442e-007,0.000236402
5.444e-007,0.000373447
5.446e-007,0.000531048
5.448e-007,0.000565309
5.45e-007,0.000428265
5.452e-007,0.000232976
5.454e-007,0.000188436
5.456e-007,0.000339186
5.458e-007,0.000531048
5.46e-007,0.000561883
5.462e-007,0.000394004
5.464e-007,0.000181584
5.466e-007,0.000154175
5.468e-007,0.000366595
5.47e-007,0.000596144
5.472e-007,0.000647536
5.474e-007,0.000517344
5.476e-007,0.000325481
5.478e-007,0.000256959
5.48e-007,0.00035289
5.482e-007,0.000455674
5.484e-007,0.000465952
5.486e-007,0.000349464
5.488e-007,0.000219272
5.49e-007,0.000239828
5.492e-007,0.000407708
5.494e-007,0.000568735
5.496e-007,0.00058244
5.498e-007,0.000404282
5.5e-007,0.000191863
5.502e-007,0.000164454
5.504e-007,0.000387151
5.506e-007,0.000657815
5.508e-007,0.000722911
5.51e-007,0.000579014
5.512e-007,0.000356316
5.514e-007,0.000253533
5.516e-007,0.000332333
5.518e-007,0.000438543
5.52e-007,0.000431691
5.522e-007,0.000294646
5.524e-007,0.000164454
5.526e-007,0.000191863
5.528e-007,0.000380299
5.53e-007,0.000599571
5.532e-007,0.000647536
5.534e-007,0.000503639
5.536e-007,0.000342612
5.538e-007,0.000325481
5.54e-007,0.000469378
5.542e-007,0.000585866
5.544e-007,0.000517344
5.546e-007,0.000304924
5.548e-007,0.000113062
5.55e-007,0.000137045
5.552e-007,0.000373447
5.554e-007,0.000606423
5.556e-007,0.000650962
5.558e-007,0.000465952
5.56e-007,0.000226124
5.562e-007,0.000150749
5.564e-007,0.000298072
5.566e-007,0.000486509
5.568e-007,0.000558457
5.57e-007,0.000469378
5.572e-007,0.000318629
5.574e-007,0.000287794
5.576e-007,0.000424839
5.578e-007,0.000555031
5.58e-007,0.000513918
5.582e-007,0.000328907
5.584e-007,0.000171306
5.586e-007,0.000191863
5.588e-007,0.000373447
5.59e-007,0.00058244
5.592e-007,0.000626979
5.594e-007,0.000472804
5.596e-007,0.000284368
5.598e-007,0.000243254
5.6e-007,0.000376873
5.602e-007,0.000548179
5.604e-007,0.000575588
5.606e-007,0.000411134
5.608e-007,0.000198715
5.61e-007,0.000154175
5.612e-007,0.000339186
5.614e-007,0.000548179
5.616e-007,0.00058244
5.618e-007,0.000428265
5.62e-007,0.000222698
5.622e-007,0.000188436
5.624e-007,0.000366595
5.626e-007,0.000568735
5.628e-007,0.000620127
5.63e-007,0.00047623
5.632e-007,0.000298072
5.634e-007,0.000287794
5.636e-007,0.000441969
5.638e-007,0.000589292
5.64e-007,0.000568735
5.642e-007,0.000366595
5.644e-007,0.00016788
5.646e-007,0.000130192
5.648e-007,0.000280942
5.65e-007,0.000500213
5.652e-007,0.000568735
5.654e-007,0.000428265
5.656e-007,0.000250107
5.658e-007,0.000195289
5.66e-007,0.000308351
5.662e-007,0.000486509
5.664e-007,0.000568735
5.666e-007,0.000486509
5.668e-007,0.000383725
5.67e-007,0.000404282
5.672e-007,0.000517344
5.674e-007,0.000609849
5.676e-007,0.000534474
5.678e-007,0.000280942
5.68e-007,4.11134e-005
5.682e-007,3.42615e-006
5.684e-007,0.000226124
5.686e-007,0.000513918
5.688e-007,0.000623553
5.69e-007,0.000513918
5.692e-007,0.00035289
5.694e-007,0.000322055
5.696e-007,0.000435117
5.698e-007,0.000572162
5.7e-007,0.000551605
5.702e-007,0.000383725
5.704e-007,0.000219272
5.706e-007,0.000191863
5.708e-007,0.00035289
5.71e-007,0.000548179
5.712e-007,0.000579014
5.714e-007,0.00041456
5.716e-007,0.000212419
5.718e-007,0.000147323
5.72e-007,0.000315203
5.722e-007,0.000510492
5.724e-007,0.000544753
5.726e-007,0.000421412
5.728e-007,0.000270663
5.73e-007,0.000287794
5.732e-007,0.000448821
5.734e-007,0.000602997
5.736e-007,0.000568735
5.738e-007,0.000366595
5.74e-007,0.000191863
5.742e-007,0.00018501
5.744e-007,0.000325481
5.746e-007,0.000462526
5.748e-007,0.000445395
5.75e-007,0.000315203
5.752e-007,0.000205567
5.754e-007,0.000250107
5.756e-007,0.000448821
5.758e-007,0.000647536
5.76e-007,0.000678371
5.762e-007,0.000503639
5.764e-007,0.000260385
5.766e-007,0.000195289
5.768e-007,0.000325481
5.77e-007,0.000479656
5.772e-007,0.000513918
5.774e-007,0.00039743
5.776e-007,0.000274089
5.778e-007,0.000274089
5.78e-007,0.000394004
5.782e-007,0.000544753
5.784e-007,0.00058244
5.786e-007,0.000431691
5.788e-007,0.000212419
5.79e-007,0.000140471
5.792e-007,0.000294646
5.794e-007,0.000517344
5.796e-007,0.000575588
5.798e-007,0.000452248
5.8e-007,0.000277516
5.802e-007,0.000232976
5.804e-007,0.000346038
5.806e-007,0.000486509
5.808e-007,0.0005379
5.81e-007,0.000438543
5.812e-007,0.000304924
5.814e-007,0.000304924
5.816e-007,0.000417986
5.818e-007,0.000500213
5.82e-007,0.000445395
5.822e-007,0.000284368
5.824e-007,0.00012334
5.826e-007,0.000143897
5.828e-007,0.000404282
5.83e-007,0.000661241
5.832e-007,0.000712632
5.834e-007,0.000548179
5.836e-007,0.000298072
5.838e-007,0.000174732
5.84e-007,0.000274089
5.842e-007,0.000452248
5.844e-007,0.00052077
5.846e-007,0.000445395
5.848e-007,0.000318629
5.85e-007,0.000277516
5.852e-007,0.000366595
5.854e-007,0.000472804
5.856e-007,0.000479656
5.858e-007,0.000394004
5.86e-007,0.000301498
5.862e-007,0.000325481
5.864e-007,0.000472804
5.866e-007,0.00058244
5.868e-007,0.0005379
5.87e-007,0.000346038
5.872e-007,0.000137045
5.874e-007,0.000102784
5.876e-007,0.000294646
5.878e-007,0.00052077
5.88e-007,0.000589292
5.882e-007,0.000531048
5.884e-007,0.000441969
5.886e-007,0.000404282
5.888e-007,0.000438543
5.89e-007,0.000465952
5.892e-007,0.000394004
5.894e-007,0.000256959
5.896e-007,0.000154175
5.898e-007,0.000202141
5.9e-007,0.000404282
5.902e-007,0.00058244
5.904e-007,0.000579014
5.906e-007,0.000400856
5.908e-007,0.000195289
5.91e-007,0.000171306
5.912e-007,0.000363168
5.914e-007,0.000589292
5.916e-007,0.000668093
5.918e-007,0.000527622
5.92e-007,0.000301498
5.922e-007,0.000198715
5.924e-007,0.000287794
5.926e-007,0.000452248
5.928e-007,0.000510492
5.93e-007,0.000424839
5.932e-007,0.00029122
5.934e-007,0.00029122
5.936e-007,0.000394004
5.938e-007,0.00047623
5.94e-007,0.000452248
5.942e-007,0.000298072
5.944e-007,0.000178158
5.946e-007,0.000226124
5.948e-007,0.000431691
5.95e-007,0.000650962
5.952e-007,0.000674945
5.954e-007,0.00047623
5.956e-007,0.000243254
5.958e-007,0.000181584
5.96e-007,0.000325481
5.962e-007,0.000524196
5.964e-007,0.000613275
5.966e-007,0.000507065
5.968e-007,0.000308351
5.97e-007,0.000232976
5.972e-007,0.000322055
5.974e-007,0.000462526
5.976e-007,0.000493361
5.978e-007,0.000359742
5.98e-007,0.000195289
5.982e-007,0.000181584
5.984e-007,0.00033576
5.986e-007,0.000524196
5.988e-007,0.000596144
5.99e-007,0.000486509
5.992e-007,0.000328907
5.994e-007,0.000298072
5.996e-007,0.000417986
5.998e-007,0.000558457
6e-007,0.000555031
6.002e-007,0.000366595
6.004e-007,0.000154175
6.006e-007,0.00012334
6.008e-007,0.000301498
6.01e-007,0.000507065
6.012e-007,0.000565309
6.014e-007,0.000452248
6.016e-007,0.000284368
6.018e-007,0.000219272
6.02e-007,0.000318629
6.022e-007,0.000479656
6.024e-007,0.000513918
6.026e-007,0.000394004
6.028e-007,0.000267237
6.03e-007,0.000277516
6.032e-007,0.000428265
6.034e-007,0.000565309
6.036e-007,0.000565309
6.038e-007,0.000411134
6.04e-007,0.000222698
6.042e-007,0.000202141
6.044e-007,0.000356316
6.046e-007,0.00052077
6.048e-007,0.000561883
6.05e-007,0.000421412
6.052e-007,0.000215845
6.054e-007,0.000157601
6.056e-007,0.000311777
6.058e-007,0.000507065
6.06e-007,0.0005379
6.062e-007,0.000404282
6.064e-007,0.000250107
6.066e-007,0.000219272
6.068e-007,0.00035289
6.07e-007,0.000510492
6.072e-007,0.000524196
6.074e-007,0.000366595
6.076e-007,0.000198715
6.078e-007,0.000212419
6.08e-007,0.000404282
6.082e-007,0.000599571
6.084e-007,0.000661241
6.086e-007,0.000524196
6.088e-007,0.000308351
6.09e-007,0.000215845
6.092e-007,0.000280942
6.094e-007,0.000411134
6.096e-007,0.000438543
6.098e-007,0.00033576
6.1e-007,0.00024668
6.102e-007,0.000294646
6.104e-007,0.000462526
6.106e-007,0.000585866
6.108e-007,0.000541327
6.11e-007,0.000363168
6.112e-007,0.000195289
6.114e-007,0.000191863
6.116e-007,0.000346038
6.118e-007,0.000524196
6.12e-007,0.000579014
6.122e-007,0.000479656
6.124e-007,0.000318629
6.126e-007,0.000243254
6.128e-007,0.000318629
6.13e-007,0.000445395
6.132e-007,0.000479656
6.134e-007,0.000363168
6.136e-007,0.000215845
6.138e-007,0.000202141
6.14e-007,0.000349464
6.142e-007,0.00052077
6.144e-007,0.000558457
6.146e-007,0.000465952
6.148e-007,0.000342612
6.15e-007,0.000318629
6.152e-007,0.000438543
6.154e-007,0.000568735
6.156e-007,0.000544753
6.158e-007,0.000366595
6.16e-007,0.00016788
6.162e-007,0.000116488
6.164e-007,0.000284368
6.166e-007,0.000496787
6.168e-007,0.000551605
6.17e-007,0.000441969
6.172e-007,0.000304924
6.174e-007,0.000250107
6.176e-007,0.000346038
6.178e-007,0.000500213
6.18e-007,0.000541327
6.182e-007,0.000417986
6.184e-007,0.000239828
6.186e-007,0.000205567
6.188e-007,0.000342612
6.19e-007,0.000510492
6.192e-007,0.0005379
6.194e-007,0.000407708
6.196e-007,0.000250107
6.198e-007,0.000222698
6.2e-007,0.000387151
6.202e-007,0.000575588
6.204e-007,0.000589292
6.206e-007,0.000431691
6.208e-007,0.000215845
6.21e-007,0.000150749
6.212e-007,0.000318629
6.214e-007,0.000517344
6.216e-007,0.000555031
6.218e-007,0.000404282
6.22e-007,0.000226124
6.222e-007,0.00022955
6.224e-007,0.000394004
6.226e-007,0.000548179
6.228e-007,0.000555031
6.23e-007,0.00041456
6.232e-007,0.000260385
6.234e-007,0.00022955
6.236e-007,0.000380299
6.238e-007,0.000568735
6.24e-007,0.000579014
6.242e-007,0.000417986
6.244e-007,0.000226124
6.246e-007,0.000154175
6.248e-007,0.000260385
6.25e-007,0.000452248
6.252e-007,0.000531048
6.254e-007,0.000424839
6.256e-007,0.000284368
6.258e-007,0.000263811
6.26e-007,0.000411134
6.262e-007,0.000575588
6.264e-007,0.000572162
6.266e-007,0.00041456
6.268e-007,0.000236402
6.27e-007,0.000202141
6.272e-007,0.000332333
6.274e-007,0.000479656
6.276e-007,0.000513918
6.278e-007,0.000394004
6.28e-007,0.000253533
6.282e-007,0.000250107
6.284e-007,0.000380299
6.286e-007,0.0005379
6.288e-007,0.000548179
6.29e-007,0.000400856
6.292e-007,0.000236402
6.294e-007,0.000195289
6.296e-007,0.000328907
6.298e-007,0.000483083
6.3e-007,0.000513918
6.302e-007,0.000431691
6.304e-007,0.000298072
6.306e-007,0.000263811
6.308e-007,0.000387151
6.31e-007,0.000507065
6.312e-007,0.000493361
6.314e-007,0.000342612
6.316e-007,0.000181584
6.318e-007,0.000195289
6.32e-007,0.000373447
6.322e-007,0.000565309
6.324e-007,0.000609849
6.326e-007,0.000445395
6.328e-007,0.000243254
6.33e-007,0.000188436
6.332e-007,0.000304924
6.334e-007,0.000465952
6.336e-007,0.000500213
6.338e-007,0.000390577
6.34e-007,0.000267237
6.342e-007,0.000284368
6.344e-007,0.000428265
6.346e-007,0.000551605
6.348e-007,0.000548179
6.35e-007,0.000376873
6.352e-007,0.00018501
6.354e-007,0.000181584
6.356e-007,0.000339186
6.358e-007,0.000500213
6.36e-007,0.000544753
6.362e-007,0.000448821
6.364e-007,0.000318629
6.366e-007,0.000280942
6.368e-007,0.000380299
6.37e-007,0.000500213
6.372e-007,0.000510492
6.374e-007,0.000387151
6.376e-007,0.000208993
6.378e-007,0.000174732
6.38e-007,0.000315203
6.382e-007,0.000486509
6.384e-007,0.0005379
6.386e-007,0.000435117
6.388e-007,0.000294646
6.39e-007,0.000256959
6.392e-007,0.000359742
6.394e-007,0.0004591
6.396e-007,0.00047623
6.398e-007,0.000411134
6.4e-007,0.000277516
6.402e-007,0.000239828
6.404e-007,0.000349464
6.406e-007,0.000452248
6.408e-007,0.000462526
6.41e-007,0.000394004
6.412e-007,0.000284368
6.414e-007,0.000298072
6.416e-007,0.000417986
6.418e-007,0.000486509
6.42e-007,0.000448821
6.422e-007,0.000298072
6.424e-007,0.000171306
6.426e-007,0.000188436
6.428e-007,0.000376873
6.43e-007,0.000572162
6.432e-007,0.000599571
6.434e-007,0.000448821
6.436e-007,0.000250107
6.438e-007,0.000188436
6.44e-007,0.000311777
6.442e-007,0.00047623
6.444e-007,0.000531048
6.446e-007,0.000438543
6.448e-007,0.000308351
6.45e-007,0.000280942
6.452e-007,0.000383725
6.454e-007,0.000483083
6.456e-007,0.000500213
6.458e-007,0.000400856
6.46e-007,0.000236402
6.462e-007,0.000202141
6.464e-007,0.000346038
6.466e-007,0.000503639
6.468e-007,0.000541327
6.47e-007,0.000428265
6.472e-007,0.000270663
6.474e-007,0.000215845
6.476e-007,0.000315203
6.478e-007,0.000472804
6.48e-007,0.000534474
6.482e-007,0.000431691
6.484e-007,0.00029122
6.486e-007,0.000263811
6.488e-007,0.000373447
6.49e-007,0.000510492
6.492e-007,0.000534474
6.494e-007,0.000404282
6.496e-007,0.000232976
6.498e-007,0.000205567
6.5e-007,0.000346038
6.502e-007,0.000510492
6.504e-007,0.000541327
6.506e-007,0.000435117
6.508e-007,0.000298072
6.51e-007,0.000256959
6.512e-007,0.000356316
6.514e-007,0.000462526
6.516e-007,0.0004591
6.518e-007,0.000346038
6.52e-007,0.000226124
6.522e-007,0.000215845
6.524e-007,0.000342612
6.526e-007,0.000489935
6.528e-007,0.000534474
6.53e-007,0.000455674
6.532e-007,0.000311777
6.534e-007,0.000274089
6.536e-007,0.000380299
6.538e-007,0.000493361
6.54e-007,0.000483083
6.542e-007,0.000349464
6.544e-007,0.000222698
6.546e-007,0.000212419
6.548e-007,0.000349464
6.55e-007,0.000513918
6.552e-007,0.000544753
6.554e-007,0.000411134
6.556e-007,0.000256959
6.558e-007,0.00024668
6.56e-007,0.000370021
6.562e-007,0.00052077
6.564e-007,0.000548179
6.566e-007,0.00039743
6.568e-007,0.000198715
6.57e-007,0.000171306
6.572e-007,0.000328907
6.574e-007,0.000513918
6.576e-007,0.000568735
6.578e-007,0.000441969
6.58e-007,0.000270663
6.582e-007,0.000239828
6.584e-007,0.000366595
6.586e-007,0.00052077
6.588e-007,0.000555031
6.59e-007,0.000424839
6.592e-007,0.000280942
6.594e-007,0.000253533
6.596e-007,0.000370021
6.598e-007,0.000517344
6.6e-007,0.00052077
6.602e-007,0.000376873
6.604e-007,0.000219272
6.606e-007,0.000195289
6.608e-007,0.000332333
6.61e-007,0.000496787
6.612e-007,0.000534474
6.614e-007,0.000428265
6.616e-007,0.000277516
6.618e-007,0.000239828
6.62e-007,0.000349464
6.622e-007,0.000507065
6.624e-007,0.000568735
6.626e-007,0.000472804
6.628e-007,0.000318629
6.63e-007,0.000277516
6.632e-007,0.000356316
6.634e-007,0.000469378
6.636e-007,0.000503639
6.638e-007,0.000380299
6.64e-007,0.00022955
6.642e-007,0.00022955
6.644e-007,0.000383725
6.646e-007,0.000524196
6.648e-007,0.000524196
6.65e-007,0.000373447
6.652e-007,0.000195289
6.654e-007,0.000188436
6.656e-007,0.000339186
6.658e-007,0.000517344
6.66e-007,0.00058244
6.662e-007,0.0004591
6.664e-007,0.000274089
6.666e-007,0.000208993
6.668e-007,0.000284368
6.67e-007,0.000400856
6.672e-007,0.000438543
6.674e-007,0.000359742
6.676e-007,0.000263811
6.678e-007,0.000287794
6.68e-007,0.000428265
6.682e-007,0.000555031
6.684e-007,0.000548179
6.686e-007,0.000373447
6.688e-007,0.00018501
6.69e-007,0.000130192
6.692e-007,0.000250107
6.694e-007,0.000438543
6.696e-007,0.000524196
6.698e-007,0.000445395
6.7e-007,0.00029122
6.702e-007,0.000239828
6.704e-007,0.000356316
6.706e-007,0.000489935
6.708e-007,0.000503639
6.71e-007,0.00041456
6.712e-007,0.000280942
6.714e-007,0.00022955
6.716e-007,0.000346038
6.718e-007,0.000496787
6.72e-007,0.000517344
6.722e-007,0.000411134
6.724e-007,0.000253533
6.726e-007,0.000191863
6.728e-007,0.000315203
6.73e-007,0.000489935
6.732e-007,0.000527622
6.734e-007,0.000394004
6.736e-007,0.00024668
6.738e-007,0.00022955
6.74e-007,0.000328907
6.742e-007,0.0004591
6.744e-007,0.000496787
6.746e-007,0.000407708
6.748e-007,0.000274089
6.75e-007,0.000253533
6.752e-007,0.000390577
6.754e-007,0.000544753
6.756e-007,0.000555031
6.758e-007,0.000390577
6.76e-007,0.000205567
6.762e-007,0.00018501
6.764e-007,0.000318629
6.766e-007,0.00047623
6.768e-007,0.000527622
6.77e-007,0.000407708
6.772e-007,0.000250107
6.774e-007,0.000215845
6.776e-007,0.000346038
6.778e-007,0.000513918
6.78e-007,0.000558457
6.782e-007,0.000428265
6.784e-007,0.000250107
6.786e-007,0.000195289
6.788e-007,0.000318629
6.79e-007,0.000507065
6.792e-007,0.000548179
6.794e-007,0.000448821
6.796e-007,0.000308351
6.798e-007,0.000243254
6.8e-007,0.00033576
6.802e-007,0.000472804
6.804e-007,0.000500213
6.806e-007,0.000373447
6.808e-007,0.000226124
6.81e-007,0.000222698
6.812e-007,0.000356316
6.814e-007,0.000503639
6.816e-007,0.000544753
6.818e-007,0.000428265
6.82e-007,0.00024668
6.822e-007,0.00018501
6.824e-007,0.000304924
6.826e-007,0.000486509
6.828e-007,0.000541327
6.83e-007,0.000421412
6.832e-007,0.000253533
6.834e-007,0.000219272
6.836e-007,0.000356316
6.838e-007,0.000510492
6.84e-007,0.000544753
6.842e-007,0.00041456
6.844e-007,0.000239828
6.846e-007,0.000208993
6.848e-007,0.000342612
6.85e-007,0.00047623
6.852e-007,0.000510492
6.854e-007,0.000404282
6.856e-007,0.000239828
6.858e-007,0.000212419
6.86e-007,0.00033576
6.862e-007,0.000486509
6.864e-007,0.000541327
6.866e-007,0.000445395
6.868e-007,0.000315203
6.87e-007,0.000280942
6.872e-007,0.000394004
6.874e-007,0.0005379
6.876e-007,0.000531048
6.878e-007,0.000376873
6.88e-007,0.000222698
6.882e-007,0.000191863
6.884e-007,0.000301498
6.886e-007,0.000462526
6.888e-007,0.000489935
6.89e-007,0.000383725
6.892e-007,0.000263811
6.894e-007,0.000236402
6.896e-007,0.000356316
6.898e-007,0.000513918
6.9e-007,0.000555031
6.902e-007,0.000448821
6.904e-007,0.000315203
6.906e-007,0.000294646
6.908e-007,0.000394004
6.91e-007,0.000496787
6.912e-007,0.000462526
6.914e-007,0.000304924
6.916e-007,0.000154175
6.918e-007,0.000157601
6.92e-007,0.000325481
6.922e-007,0.000513918
6.924e-007,0.000568735
6.926e-007,0.0004591
6.928e-007,0.000308351
6.93e-007,0.000260385
6.932e-007,0.000346038
6.934e-007,0.000465952
6.936e-007,0.000483083
6.938e-007,0.000370021
6.94e-007,0.000256959
6.942e-007,0.000256959
6.944e-007,0.000373447
6.946e-007,0.00052077
6.948e-007,0.000548179
6.95e-007,0.00041456
6.952e-007,0.000250107
6.954e-007,0.000195289
6.956e-007,0.000322055
6.958e-007,0.000503639
6.96e-007,0.000558457
6.962e-007,0.000455674
6.964e-007,0.000294646
6.966e-007,0.000253533
6.968e-007,0.000356316
6.97e-007,0.000479656
6.972e-007,0.00052077
6.974e-007,0.000428265
6.976e-007,0.000280942
6.978e-007,0.00024668
6.98e-007,0.000346038
6.982e-007,0.000469378
6.984e-007,0.000496787
6.986e-007,0.000390577
6.988e-007,0.000250107
6.99e-007,0.000232976
6.992e-007,0.000363168
6.994e-007,0.000496787
6.996e-007,0.000493361
6.998e-007,0.000356316
7e-007,0.000212419
7.002e-007,0.000212419
7.004e-007,0.000349464
7.006e-007,0.000507065
7.008e-007,0.000568735
7.01e-007,0.0004591
7.012e-007,0.000280942
7.014e-007,0.000226124
7.016e-007,0.000349464
7.018e-007,0.000507065
7.02e-007,0.000551605
7.022e-007,0.000438543
7.024e-007,0.000267237
7.026e-007,0.000195289
7.028e-007,0.000284368
7.03e-007,0.00039743
7.032e-007,0.000445395
7.034e-007,0.000373447
7.036e-007,0.000253533
7.038e-007,0.000250107
7.04e-007,0.000376873
7.042e-007,0.000531048
7.044e-007,0.000544753
7.046e-007,0.00041456
7.048e-007,0.000280942
7.05e-007,0.000270663
7.052e-007,0.000373447
7.054e-007,0.000486509
7.056e-007,0.000489935
7.058e-007,0.000387151
7.06e-007,0.000253533
7.062e-007,0.000232976
7.064e-007,0.000363168
7.066e-007,0.000489935
7.068e-007,0.000524196
7.07e-007,0.000404282
7.072e-007,0.000250107
7.074e-007,0.000215845
7.076e-007,0.000356316
7.078e-007,0.000561883
7.08e-007,0.000609849
7.082e-007,0.000472804
7.084e-007,0.000298072
7.086e-007,0.000219272
7.088e-007,0.000270663
7.09e-007,0.000387151
7.092e-007,0.000428265
7.094e-007,0.00035289
7.096e-007,0.000280942
7.098e-007,0.000332333
7.1e-007,0.000472804
7.102e-007,0.000575588
7.104e-007,0.000561883
7.106e-007,0.000404282
7.108e-007,0.000205567
7.11e-007,0.000181584
7.112e-007,0.000328907
7.114e-007,0.000483083
7.116e-007,0.000503639
7.118e-007,0.000380299
7.12e-007,0.00024668
7.122e-007,0.000222698
7.124e-007,0.000332333
7.126e-007,0.00047623
7.128e-007,0.000513918
7.13e-007,0.000435117
7.132e-007,0.000311777
7.134e-007,0.000284368
7.136e-007,0.000407708
7.138e-007,0.000510492
7.14e-007,0.000503639
7.142e-007,0.000373447
7.144e-007,0.000226124
7.146e-007,0.000219272
7.148e-007,0.000366595
7.15e-007,0.000548179
7.152e-007,0.000565309
7.154e-007,0.000387151
7.156e-007,0.000174732
7.158e-007,0.000137045
7.16e-007,0.000270663
7.162e-007,0.000435117
7.164e-007,0.000524196
7.166e-007,0.00047623
7.168e-007,0.000390577
7.17e-007,0.000366595
7.172e-007,0.000407708
7.174e-007,0.000462526
7.176e-007,0.000428265
7.178e-007,0.000301498
7.18e-007,0.000174732
7.182e-007,0.000198715
7.184e-007,0.000387151
7.186e-007,0.0005379
7.188e-007,0.000534474
7.19e-007,0.000424839
7.192e-007,0.000263811
7.194e-007,0.00018501
7.196e-007,0.000298072
7.198e-007,0.000479656
7.2e-007,0.000527622
7.202e-007,0.000435117
7.204e-007,0.000298072
7.206e-007,0.000260385
7.208e-007,0.000373447
7.21e-007,0.00052077
7.212e-007,0.0005379
7.214e-007,0.00039743
7.216e-007,0.000253533
7.218e-007,0.00024668
7.22e-007,0.00033576
7.222e-007,0.000421412
7.224e-007,0.000445395
7.226e-007,0.000356316
7.228e-007,0.000232976
7.23e-007,0.000239828
7.232e-007,0.000404282
7.234e-007,0.000589292
7.236e-007,0.000623553
7.238e-007,0.000486509
7.24e-007,0.000270663
7.242e-007,0.000174732
7.244e-007,0.000304924
7.246e-007,0.000489935
7.248e-007,0.000541327
7.25e-007,0.000441969
7.252e-007,0.000308351
7.254e-007,0.000304924
7.256e-007,0.000407708
7.258e-007,0.000493361
7.26e-007,0.000465952
7.262e-007,0.000328907
7.264e-007,0.000195289
7.266e-007,0.000191863
7.268e-007,0.00035289
7.27e-007,0.000541327
7.272e-007,0.000585866
7.274e-007,0.000472804
7.276e-007,0.000332333
7.278e-007,0.000287794
7.28e-007,0.000370021
7.282e-007,0.000493361
7.284e-007,0.000524196
7.286e-007,0.000411134
7.288e-007,0.000253533
7.29e-007,0.000219272
7.292e-007,0.000339186
7.294e-007,0.000489935
7.296e-007,0.000507065
7.298e-007,0.000383725
7.3e-007,0.000239828
7.302e-007,0.000212419
7.304e-007,0.000322055
7.306e-007,0.000455674
7.308e-007,0.000483083
7.31e-007,0.000349464
7.312e-007,0.000208993
7.314e-007,0.00022955
7.316e-007,0.000383725
7.318e-007,0.000548179
7.32e-007,0.000565309
7.322e-007,0.000438543
7.324e-007,0.000284368
7.326e-007,0.00024668
7.328e-007,0.000349464
7.33e-007,0.0004591
7.332e-007,0.000462526
7.334e-007,0.00033576
7.336e-007,0.000212419
7.338e-007,0.000253533
7.34e-007,0.000435117
7.342e-007,0.000585866
7.344e-007,0.000572162
7.346e-007,0.000383725
7.348e-007,0.00018501
7.35e-007,0.000137045
7.352e-007,0.000294646
7.354e-007,0.000510492
7.356e-007,0.000575588
7.358e-007,0.00047623
7.36e-007,0.00035289
7.362e-007,0.000315203
7.364e-007,0.000387151
7.366e-007,0.000493361
7.368e-007,0.000496787
7.37e-007,0.000359742
7.372e-007,0.000219272
7.374e-007,0.000222698
7.376e-007,0.000342612
7.378e-007,0.000441969
7.38e-007,0.000445395
7.382e-007,0.000356316
7.384e-007,0.000274089
7.386e-007,0.000311777
7.388e-007,0.000469378
7.39e-007,0.000602997
7.392e-007,0.000572162
7.394e-007,0.000407708
7.396e-007,0.000222698
7.398e-007,0.000181584
7.4e-007,0.000322055
7.402e-007,0.00047623
7.404e-007,0.00052077
7.406e-007,0.000417986
7.408e-007,0.000250107
7.41e-007,0.000191863
7.412e-007,0.000304924
7.414e-007,0.000465952
7.416e-007,0.000527622
7.418e-007,0.000452248
7.42e-007,0.000318629
7.422e-007,0.000270663
7.424e-007,0.000359742
7.426e-007,0.000469378
7.428e-007,0.000462526
7.43e-007,0.00035289
7.432e-007,0.000243254
7.434e-007,0.00022955
7.436e-007,0.00035289
7.438e-007,0.000493361
7.44e-007,0.000517344
7.442e-007,0.000400856
7.444e-007,0.000274089
7.446e-007,0.000270663
7.448e-007,0.000411134
7.45e-007,0.0005379
7.452e-007,0.000510492
7.454e-007,0.00035289
7.456e-007,0.000188436
7.458e-007,0.000188436
7.46e-007,0.000359742
7.462e-007,0.000496787
7.464e-007,0.000503639
7.466e-007,0.000404282
7.468e-007,0.000267237
7.47e-007,0.000250107
7.472e-007,0.000366595
7.474e-007,0.000496787
7.476e-007,0.000503639
7.478e-007,0.000363168
7.48e-007,0.000226124
7.482e-007,0.000202141
7.484e-007,0.000332333
7.486e-007,0.000493361
7.488e-007,0.000527622
7.49e-007,0.00041456
7.492e-007,0.000267237
7.494e-007,0.00024668
7.496e-007,0.000363168
7.498e-007,0.000503639
7.5e-007,0.000527622
7.502e-007,0.000411134
7.504e-007,0.000270663
7.506e-007,0.00024668
7.508e-007,0.000342612
7.51e-007,0.000455674
7.512e-007,0.000455674
7.514e-007,0.000349464
7.516e-007,0.000243254
7.518e-007,0.000274089
7.52e-007,0.000431691
7.522e-007,0.000561883
7.524e-007,0.000555031
7.526e-007,0.000400856
7.528e-007,0.000232976
7.53e-007,0.000208993
7.532e-007,0.00033576
7.534e-007,0.000496787
7.536e-007,0.00052077
7.538e-007,0.000373447
7.54e-007,0.000215845
7.542e-007,0.000198715
7.544e-007,0.000342612
7.546e-007,0.000493361
7.548e-007,0.0005379
7.55e-007,0.000445395
7.552e-007,0.000308351
7.554e-007,0.000287794
7.556e-007,0.000373447
7.558e-007,0.000507065
7.56e-007,0.000548179
7.562e-007,0.000438543
7.564e-007,0.000263811
7.566e-007,0.000202141
7.568e-007,0.000308351
7.57e-007,0.000424839
7.572e-007,0.000441969
7.574e-007,0.00033576
7.576e-007,0.000215845
7.578e-007,0.000232976
7.58e-007,0.00039743
7.582e-007,0.000541327
7.584e-007,0.000548179
7.586e-007,0.000411134
7.588e-007,0.000263811
7.59e-007,0.000256959
7.592e-007,0.000376873
7.594e-007,0.000507065
7.596e-007,0.0005379
7.598e-007,0.000441969
7.6e-007,0.00029122
7.602e-007,0.000250107
7.604e-007,0.000356316
7.606e-007,0.000486509
7.608e-007,0.000489935
7.61e-007,0.000325481
7.612e-007,0.00016788
7.614e-007,0.000174732
7.616e-007,0.000356316
7.618e-007,0.000551605
7.62e-007,0.000596144
7.622e-007,0.000472804
7.624e-007,0.000311777
7.626e-007,0.000270663
7.628e-007,0.000370021
7.63e-007,0.000489935
7.632e-007,0.000493361
7.634e-007,0.000373447
7.636e-007,0.00024668
7.638e-007,0.000250107
7.64e-007,0.000387151
7.642e-007,0.000500213
7.644e-007,0.000486509
7.646e-007,0.000356316
7.648e-007,0.000212419
7.65e-007,0.000239828
7.652e-007,0.000404282
7.654e-007,0.000527622
7.656e-007,0.000531048
7.658e-007,0.000390577
7.66e-007,0.000239828
7.662e-007,0.000239828
7.664e-007,0.000373447
7.666e-007,0.000544753
7.668e-007,0.000572162
7.67e-007,0.000404282
7.672e-007,0.000219272
7.674e-007,0.000191863
7.676e-007,0.000325481
7.678e-007,0.000479656
7.68e-007,0.000507065
7.682e-007,0.000387151
7.684e-007,0.000274089
7.686e-007,0.000280942
7.688e-007,0.000407708
7.69e-007,0.000510492
7.692e-007,0.000472804
7.694e-007,0.000322055
7.696e-007,0.000198715
7.698e-007,0.000236402
7.7e-007,0.000383725
7.702e-007,0.000517344
7.704e-007,0.000510492
7.706e-007,0.000346038
7.708e-007,0.000205567
7.71e-007,0.000215845
7.712e-007,0.000387151
7.714e-007,0.000565309
7.716e-007,0.000575588
7.718e-007,0.000438543
7.72e-007,0.000298072
7.722e-007,0.000253533
7.724e-007,0.000318629
7.726e-007,0.000404282
7.728e-007,0.000424839
7.73e-007,0.000339186
7.732e-007,0.000243254
7.734e-007,0.000277516
7.736e-007,0.000441969
7.738e-007,0.000568735
7.74e-007,0.000517344
7.742e-007,0.00033576
7.744e-007,0.000188436
7.746e-007,0.000195289
7.748e-007,0.000356316
7.75e-007,0.000534474
7.752e-007,0.000575588
7.754e-007,0.000472804
7.756e-007,0.000328907
7.758e-007,0.000274089
7.76e-007,0.000342612
7.762e-007,0.000431691
7.764e-007,0.000407708
7.766e-007,0.000280942
7.768e-007,0.00018501
7.77e-007,0.000219272
7.772e-007,0.000400856
7.774e-007,0.000561883
7.776e-007,0.000548179
7.778e-007,0.000404282
7.78e-007,0.000277516
7.782e-007,0.000287794
7.784e-007,0.000431691
7.786e-007,0.000565309
7.788e-007,0.000531048
7.79e-007,0.000363168
7.792e-007,0.000198715
7.794e-007,0.000178158
7.796e-007,0.00033576
7.798e-007,0.000517344
7.8e-007,0.000555031
7.802e-007,0.000445395
7.804e-007,0.000304924
7.806e-007,0.000263811
7.808e-007,0.000373447
7.81e-007,0.000503639
7.812e-007,0.000489935
7.814e-007,0.00035289
7.816e-007,0.000226124
7.818e-007,0.000253533
7.82e-007,0.000383725
7.822e-007,0.00052077
7.824e-007,0.000548179
7.826e-007,0.000407708
7.828e-007,0.000256959
7.83e-007,0.000250107
7.832e-007,0.000380299
7.834e-007,0.000503639
7.836e-007,0.00047623
7.838e-007,0.00033576
7.84e-007,0.000205567
7.842e-007,0.000198715
7.844e-007,0.000349464
7.846e-007,0.000500213
7.848e-007,0.000510492
7.85e-007,0.000400856
7.852e-007,0.000287794
7.854e-007,0.00029122
7.856e-007,0.000421412
7.858e-007,0.000541327
7.86e-007,0.000531048
7.862e-007,0.000363168
7.864e-007,0.000205567
7.866e-007,0.000202141
7.868e-007,0.000349464
7.87e-007,0.000517344
7.872e-007,0.000544753
7.874e-007,0.00039743
7.876e-007,0.000222698
7.878e-007,0.000208993
7.88e-007,0.000356316
7.882e-007,0.000513918
7.884e-007,0.000558457
7.886e-007,0.000455674
7.888e-007,0.000298072
7.89e-007,0.000256959
7.892e-007,0.000366595
7.894e-007,0.000507065
7.896e-007,0.000534474
7.898e-007,0.000407708
7.9e-007,0.00024668
7.902e-007,0.000232976
7.904e-007,0.000359742
7.906e-007,0.000448821
7.908e-007,0.000431691
7.91e-007,0.000346038
7.912e-007,0.000250107
7.914e-007,0.000263811
7.916e-007,0.000407708
7.918e-007,0.000541327
7.92e-007,0.000555031
7.922e-007,0.000424839
7.924e-007,0.000256959
7.926e-007,0.000212419
7.928e-007,0.000315203
7.93e-007,0.000455674
7.932e-007,0.000496787
7.934e-007,0.000373447
7.936e-007,0.000239828
7.938e-007,0.000270663
7.94e-007,0.000438543
7.942e-007,0.000561883
7.944e-007,0.000517344
7.946e-007,0.000328907
7.948e-007,0.000157601
7.95e-007,0.000147323
7.952e-007,0.000298072
7.954e-007,0.000469378
7.956e-007,0.000513918
7.958e-007,0.000438543
7.96e-007,0.000342612
7.962e-007,0.000346038
7.964e-007,0.000469378
7.966e-007,0.000541327
7.968e-007,0.000479656
7.97e-007,0.000298072
7.972e-007,0.000137045
7.974e-007,0.000174732
7.976e-007,0.000370021
7.978e-007,0.000558457
7.98e-007,0.000602997
7.982e-007,0.000493361
7.984e-007,0.000328907
7.986e-007,0.000239828
7.988e-007,0.00029122
7.99e-007,0.000394004
7.992e-007,0.000431691
7.994e-007,0.000359742
7.996e-007,0.000256959
7.998e-007,0.000253533
8e-007,0.000390577
8.002e-007,0.000575588
8.004e-007,0.000609849
8.006e-007,0.000469378
8.008e-007,0.000294646
8.01e-007,0.00022955
8.012e-007,0.000328907
8.014e-007,0.000472804
8.016e-007,0.000489935
8.018e-007,0.000390577
8.02e-007,0.000263811
8.022e-007,0.000239828
8.024e-007,0.000339186
8.026e-007,0.000448821
8.028e-007,0.000465952
8.03e-007,0.00035289
8.032e-007,0.000256959
8.034e-007,0.000284368
8.036e-007,0.000421412
8.038e-007,0.000555031
8.04e-007,0.000527622
8.042e-007,0.000363168
8.044e-007,0.000195289
8.046e-007,0.000205567
8.048e-007,0.000390577
8.05e-007,0.000548179
8.052e-007,0.000534474
8.054e-007,0.000380299
8.056e-007,0.000232976
8.058e-007,0.000232976
8.06e-007,0.000383725
8.062e-007,0.000510492
8.064e-007,0.000493361
8.066e-007,0.000339186
8.068e-007,0.000164454
8.07e-007,0.000164454
8.072e-007,0.000342612
8.074e-007,0.000531048
8.076e-007,0.000575588
8.078e-007,0.00047623
8.08e-007,0.000346038
8.082e-007,0.000301498
8.084e-007,0.00039743
8.086e-007,0.000500213
8.088e-007,0.000472804
8.09e-007,0.000325481
8.092e-007,0.000191863
8.094e-007,0.000212419
8.096e-007,0.000363168
8.098e-007,0.000500213
8.1e-007,0.000517344
8.102e-007,0.000404282
8.104e-007,0.000287794
8.106e-007,0.000294646
8.108e-007,0.000431691
8.11e-007,0.000531048
8.112e-007,0.000500213
8.114e-007,0.000356316
8.116e-007,0.000208993
8.118e-007,0.000226124
8.12e-007,0.00041456
8.122e-007,0.000558457
8.124e-007,0.00052077
8.126e-007,0.000332333
8.128e-007,0.00016788
8.13e-007,0.000178158
8.132e-007,0.00035289
8.134e-007,0.000524196
8.136e-007,0.0005379
8.138e-007,0.000421412
8.14e-007,0.000274089
8.142e-007,0.000243254
8.144e-007,0.000359742
8.146e-007,0.000489935
8.148e-007,0.000513918
8.15e-007,0.000400856
8.152e-007,0.000280942
8.154e-007,0.000260385
8.156e-007,0.000346038
8.158e-007,0.000472804
8.16e-007,0.000510492
8.162e-007,0.000390577
8.164e-007,0.000253533
8.166e-007,0.000256959
8.168e-007,0.000411134
8.17e-007,0.000561883
8.172e-007,0.000558457
8.174e-007,0.000417986
8.176e-007,0.000250107
8.178e-007,0.000188436
8.18e-007,0.00029122
8.182e-007,0.000462526
8.184e-007,0.000513918
8.186e-007,0.000411134
8.188e-007,0.000304924
8.19e-007,0.000301498
8.192e-007,0.00041456
8.194e-007,0.000534474
8.196e-007,0.000503639
8.198e-007,0.00033576
8.2e-007,0.000191863
8.202e-007,0.000208993
8.204e-007,0.000356316
8.206e-007,0.000510492
8.208e-007,0.000541327
8.21e-007,0.000411134
8.212e-007,0.000263811
8.214e-007,0.000243254
8.216e-007,0.000400856
8.218e-007,0.000561883
8.22e-007,0.000565309
8.222e-007,0.000404282
8.224e-007,0.000253533
8.226e-007,0.000253533
8.228e-007,0.000373447
8.23e-007,0.000507065
8.232e-007,0.000513918
8.234e-007,0.000359742
8.236e-007,0.000188436
8.238e-007,0.000178158
8.24e-007,0.000325481
8.242e-007,0.000483083
8.244e-007,0.000524196
8.246e-007,0.000438543
8.248e-007,0.000332333
8.25e-007,0.000322055
8.252e-007,0.000390577
8.254e-007,0.000452248
8.256e-007,0.000424839
8.258e-007,0.000308351
8.26e-007,0.000226124
8.262e-007,0.000294646
8.264e-007,0.00047623
8.266e-007,0.000613275
8.268e-007,0.000589292
8.27e-007,0.00041456
8.272e-007,0.000191863
8.274e-007,0.00012334
8.276e-007,0.000256959
8.278e-007,0.000411134
8.28e-007,0.000445395
8.282e-007,0.000373447
8.284e-007,0.000294646
8.286e-007,0.000315203
8.288e-007,0.000448821
8.29e-007,0.000561883
8.292e-007,0.000534474
8.294e-007,0.000390577
8.296e-007,0.00024668
8.298e-007,0.000256959
8.3e-007,0.000400856
8.302e-007,0.000503639
8.304e-007,0.000462526
8.306e-007,0.000301498
8.308e-007,0.000161028
8.31e-007,0.000178158
8.312e-007,0.000332333
8.314e-007,0.000465952
8.316e-007,0.000486509
8.318e-007,0.000366595
8.32e-007,0.000232976
8.322e-007,0.000277516
8.324e-007,0.000462526
8.326e-007,0.000606423
8.328e-007,0.000568735
8.33e-007,0.000380299
8.332e-007,0.000208993
8.334e-007,0.000188436
8.336e-007,0.000325481
8.338e-007,0.000486509
8.34e-007,0.000507065
8.342e-007,0.000380299
8.344e-007,0.000243254
8.346e-007,0.000226124
8.348e-007,0.000370021
8.35e-007,0.000503639
8.352e-007,0.000472804
8.354e-007,0.000332333
8.356e-007,0.000212419
8.358e-007,0.000222698
8.36e-007,0.000366595
8.362e-007,0.000517344
8.364e-007,0.000527622
8.366e-007,0.000421412
8.368e-007,0.000294646
8.37e-007,0.000308351
8.372e-007,0.000465952
8.374e-007,0.000592718
8.376e-007,0.000572162
8.378e-007,0.000394004
8.38e-007,0.000191863
8.382e-007,0.000140471
8.384e-007,0.000280942
8.386e-007,0.000438543
8.388e-007,0.000421412
8.39e-007,0.000287794
8.392e-007,0.000208993
8.394e-007,0.000294646
8.396e-007,0.000489935
8.398e-007,0.00064411
8.4e-007,0.000661241
8.402e-007,0.000507065
8.404e-007,0.000311777
8.406e-007,0.000260385
8.408e-007,0.000349464
8.41e-007,0.000445395
8.412e-007,0.000435117
8.414e-007,0.000298072
8.416e-007,0.000174732
8.418e-007,0.000208993
8.42e-007,0.000366595
8.422e-007,0.000510492
8.424e-007,0.000524196
8.426e-007,0.00041456
8.428e-007,0.000270663
8.43e-007,0.000250107
8.432e-007,0.000376873
8.434e-007,0.00052077
8.436e-007,0.000558457
8.438e-007,0.000462526
8.44e-007,0.000339186
8.442e-007,0.000304924
8.444e-007,0.000376873
8.446e-007,0.000448821
8.448e-007,0.000411134
8.45e-007,0.000280942
8.452e-007,0.000188436
8.454e-007,0.000250107
8.456e-007,0.000435117
8.458e-007,0.000565309
8.46e-007,0.000524196
8.462e-007,0.000342612
8.464e-007,0.000208993
8.466e-007,0.000253533
8.468e-007,0.000428265
8.47e-007,0.000596144
8.472e-007,0.000568735
8.474e-007,0.000376873
8.476e-007,0.000236402
8.478e-007,0.000267237
8.48e-007,0.000435117
8.482e-007,0.000561883
8.484e-007,0.000500213
8.486e-007,0.000332333
8.488e-007,0.000188436
8.49e-007,0.000188436
8.492e-007,0.000356316
8.494e-007,0.000510492
8.496e-007,0.000507065
8.498e-007,0.000387151
8.5e-007,0.000294646
8.502e-007,0.000298072
8.504e-007,0.000407708
8.506e-007,0.000507065
8.508e-007,0.00047623
8.51e-007,0.00033576
8.512e-007,0.000222698
8.514e-007,0.000260385
8.516e-007,0.000431691
8.518e-007,0.000599571
8.52e-007,0.000596144
8.522e-007,0.00039743
8.524e-007,0.000215845
8.526e-007,0.000202141
8.528e-007,0.000315203
8.53e-007,0.000445395
8.532e-007,0.000489935
8.534e-007,0.000400856
8.536e-007,0.000274089
8.538e-007,0.000256959
8.54e-007,0.00035289
8.542e-007,0.000452248
8.544e-007,0.000469378
8.546e-007,0.000390577
8.548e-007,0.000294646
8.55e-007,0.000328907
8.552e-007,0.000452248
8.554e-007,0.000527622
8.556e-007,0.000510492
8.558e-007,0.000376873
8.56e-007,0.000215845
8.562e-007,0.000191863
8.564e-007,0.000339186
8.566e-007,0.000465952
8.568e-007,0.000445395
8.57e-007,0.000318629
8.572e-007,0.000198715
8.574e-007,0.000188436
8.576e-007,0.000328907
8.578e-007,0.000513918
8.58e-007,0.000548179
8.582e-007,0.000417986
8.584e-007,0.000287794
8.586e-007,0.000274089
8.588e-007,0.000366595
8.59e-007,0.000452248
8.592e-007,0.000435117
8.594e-007,0.000328907
8.596e-007,0.000236402
8.598e-007,0.000277516
8.6e-007,0.000438543
8.602e-007,0.000534474
8.604e-007,0.000510492
8.606e-007,0.000387151
8.608e-007,0.000253533
8.61e-007,0.000277516
8.612e-007,0.000441969
8.614e-007,0.000548179
8.616e-007,0.000489935
8.618e-007,0.000325481
8.62e-007,0.000178158
8.622e-007,0.000164454
8.624e-007,0.000325481
8.626e-007,0.000503639
8.628e-007,0.000527622
8.63e-007,0.000428265
8.632e-007,0.000325481
8.634e-007,0.000322055
8.636e-007,0.000435117
8.638e-007,0.000513918
8.64e-007,0.000462526
8.642e-007,0.000298072
8.644e-007,0.000178158
8.646e-007,0.000236402
8.648e-007,0.000390577
8.65e-007,0.000513918
8.652e-007,0.000496787
8.654e-007,0.00035289
8.656e-007,0.000243254
8.658e-007,0.000267237
8.66e-007,0.000404282
8.662e-007,0.000541327
8.664e-007,0.0005379
8.666e-007,0.000390577
8.668e-007,0.000267237
8.67e-007,0.000294646
8.672e-007,0.000441969
8.674e-007,0.0005379
8.676e-007,0.00047623
8.678e-007,0.000328907
8.68e-007,0.000215845
8.682e-007,0.000253533
8.684e-007,0.000421412
8.686e-007,0.000541327
8.688e-007,0.00052077
8.69e-007,0.000356316
8.692e-007,0.000212419
8.694e-007,0.000222698
8.696e-007,0.000373447
8.698e-007,0.000558457
8.7e-007,0.00058244
8.702e-007,0.000424839
8.704e-007,0.000267237
8.706e-007,0.000263811
8.708e-007,0.000383725
8.71e-007,0.000510492
8.712e-007,0.000524196
8.714e-007,0.000383725
8.716e-007,0.00022955
8.718e-007,0.000232976
8.72e-007,0.000394004
8.722e-007,0.00052077
8.724e-007,0.000472804
8.726e-007,0.00029122
8.728e-007,0.000154175
8.73e-007,0.00018501
8.732e-007,0.000370021
8.734e-007,0.000565309
8.736e-007,0.000589292
8.738e-007,0.000424839
8.74e-007,0.000274089
8.742e-007,0.000287794
8.744e-007,0.000435117
8.746e-007,0.000544753
8.748e-007,0.00047623
8.75e-007,0.000287794
8.752e-007,0.000143897
8.754e-007,0.00018501
8.756e-007,0.000373447
8.758e-007,0.000527622
8.76e-007,0.000517344
8.762e-007,0.000359742
8.764e-007,0.000260385
8.766e-007,0.000311777
8.768e-007,0.000452248
8.77e-007,0.000555031
8.772e-007,0.000524196
8.774e-007,0.000376873
8.776e-007,0.000222698
8.778e-007,0.000219272
8.78e-007,0.000370021
8.782e-007,0.000507065
8.784e-007,0.000493361
8.786e-007,0.000376873
8.788e-007,0.000270663
8.79e-007,0.000263811
8.792e-007,0.000373447
8.794e-007,0.000496787
8.796e-007,0.000510492
8.798e-007,0.00039743
8.8e-007,0.000284368
8.802e-007,0.000315203
8.804e-007,0.000438543
8.806e-007,0.000513918
8.808e-007,0.0004591
8.81e-007,0.000277516
8.812e-007,0.000147323
8.814e-007,0.000226124
8.816e-007,0.000435117
8.818e-007,0.000568735
8.82e-007,0.000541327
8.822e-007,0.000411134
8.824e-007,0.000298072
8.826e-007,0.000298072
8.828e-007,0.000390577
8.83e-007,0.000472804
8.832e-007,0.000441969
8.834e-007,0.000325481
8.836e-007,0.000250107
8.838e-007,0.000304924
8.84e-007,0.000465952
8.842e-007,0.000575588
8.844e-007,0.000507065
8.846e-007,0.000304924
8.848e-007,0.000143897
8.85e-007,0.000161028
8.852e-007,0.000322055
8.854e-007,0.000483083
8.856e-007,0.000513918
8.858e-007,0.000394004
8.86e-007,0.000256959
8.862e-007,0.00029122
8.864e-007,0.000448821
8.866e-007,0.000555031
8.868e-007,0.00052077
8.87e-007,0.000356316
8.872e-007,0.000239828
8.874e-007,0.000284368
8.876e-007,0.000424839
8.878e-007,0.000541327
8.88e-007,0.000503639
8.882e-007,0.000328907
8.884e-007,0.000161028
8.886e-007,0.000140471
8.888e-007,0.000270663
8.89e-007,0.000431691
8.892e-007,0.00047623
8.894e-007,0.00039743
8.896e-007,0.000328907
8.898e-007,0.000383725
8.9e-007,0.000503639
8.902e-007,0.000592718
8.904e-007,0.000527622
8.906e-007,0.000311777
8.908e-007,0.000130192
8.91e-007,0.000143897
8.912e-007,0.000318629
8.914e-007,0.00047623
8.916e-007,0.000503639
8.918e-007,0.000356316
8.92e-007,0.000195289
8.922e-007,0.000208993
8.924e-007,0.000356316
8.926e-007,0.000517344
8.928e-007,0.000544753
8.93e-007,0.00039743
8.932e-007,0.000270663
8.934e-007,0.000325481
8.936e-007,0.000483083
8.938e-007,0.000592718
8.94e-007,0.000544753
8.942e-007,0.00035289
8.944e-007,0.00016788
8.946e-007,0.000150749
8.948e-007,0.000294646
8.95e-007,0.000462526
8.952e-007,0.000503639
8.954e-007,0.000376873
8.956e-007,0.000253533
8.958e-007,0.000270663
8.96e-007,0.000411134
8.962e-007,0.0005379
8.964e-007,0.000507065
8.966e-007,0.000359742
8.968e-007,0.00024668
8.97e-007,0.000263811
8.972e-007,0.000383725
8.974e-007,0.000496787
8.976e-007,0.000483083
8.978e-007,0.000346038
8.98e-007,0.000232976
8.982e-007,0.000260385
8.984e-007,0.00041456
8.986e-007,0.000524196
8.988e-007,0.000496787
8.99e-007,0.000366595
8.992e-007,0.000219272
8.994e-007,0.000226124
8.996e-007,0.000387151
8.998e-007,0.000524196
9e-007,0.000517344
9.002e-007,0.000383725
9.004e-007,0.000284368
9.006e-007,0.000342612
9.008e-007,0.000503639
9.01e-007,0.000609849
9.012e-007,0.00052077
9.014e-007,0.000277516
9.016e-007,7.88007e-005
9.018e-007,7.19485e-005
9.02e-007,0.000253533
9.022e-007,0.000465952
9.024e-007,0.000551605
9.026e-007,0.000486509
9.028e-007,0.00039743
9.03e-007,0.000421412
9.032e-007,0.000513918
9.034e-007,0.000568735
9.036e-007,0.000486509
9.038e-007,0.000287794
9.04e-007,0.000154175
9.042e-007,0.000195289
9.044e-007,0.000373447
9.046e-007,0.00052077
9.048e-007,0.000517344
9.05e-007,0.000383725
9.052e-007,0.000253533
9.054e-007,0.000274089
9.056e-007,0.000411134
9.058e-007,0.000496787
9.06e-007,0.000469378
9.062e-007,0.000346038
9.064e-007,0.000243254
9.066e-007,0.000301498
9.068e-007,0.000486509
9.07e-007,0.000613275
9.072e-007,0.000568735
9.074e-007,0.000394004
9.076e-007,0.000222698
9.078e-007,0.000215845
9.08e-007,0.000387151
9.082e-007,0.000524196
9.084e-007,0.00047623
9.086e-007,0.000301498
9.088e-007,0.000171306
9.09e-007,0.000239828
9.092e-007,0.000417986
9.094e-007,0.000541327
9.096e-007,0.000534474
9.098e-007,0.000380299
9.1e-007,0.000232976
9.102e-007,0.000263811
9.104e-007,0.000411134
9.106e-007,0.00052077
9.108e-007,0.000507065
9.11e-007,0.000370021
9.112e-007,0.000274089
9.114e-007,0.000315203
9.116e-007,0.000455674
9.118e-007,0.000558457
9.12e-007,0.000517344
9.122e-007,0.00033576
9.124e-007,0.000147323
9.126e-007,0.000157601
9.128e-007,0.00033576
9.13e-007,0.000500213
9.132e-007,0.000517344
9.134e-007,0.00039743
9.136e-007,0.000308351
9.138e-007,0.00033576
9.14e-007,0.000455674
9.142e-007,0.000551605
9.144e-007,0.000493361
9.146e-007,0.000308351
9.148e-007,0.000164454
9.15e-007,0.000178158
9.152e-007,0.000346038
9.154e-007,0.000503639
9.156e-007,0.000507065
9.158e-007,0.000394004
9.16e-007,0.000274089
9.162e-007,0.000270663
9.164e-007,0.000411134
9.166e-007,0.000534474
9.168e-007,0.000503639
9.17e-007,0.000332333
9.172e-007,0.000171306
9.174e-007,0.000215845
9.176e-007,0.000394004
9.178e-007,0.000544753
9.18e-007,0.000555031
9.182e-007,0.000428265
9.184e-007,0.000325481
9.186e-007,0.000342612
9.188e-007,0.000445395
9.19e-007,0.000524196
9.192e-007,0.000448821
9.194e-007,0.000236402
9.196e-007,0.000113062
9.198e-007,0.000212419
9.2e-007,0.000428265
9.202e-007,0.000609849
9.204e-007,0.000579014
9.206e-007,0.000366595
9.208e-007,0.000208993
9.21e-007,0.000212419
9.212e-007,0.000373447
9.214e-007,0.000555031
9.216e-007,0.000565309
9.218e-007,0.000411134
9.22e-007,0.000267237
9.222e-007,0.000277516
9.224e-007,0.000417986
9.226e-007,0.000524196
9.228e-007,0.000479656
9.23e-007,0.000315203
9.232e-007,0.000174732
9.234e-007,0.000202141
9.236e-007,0.00039743
9.238e-007,0.000579014
9.24e-007,0.000572162
9.242e-007,0.000390577
9.244e-007,0.000232976
9.246e-007,0.00024668
9.248e-007,0.000404282
9.25e-007,0.000527622
9.252e-007,0.000496787
9.254e-007,0.000363168
9.256e-007,0.00024668
9.258e-007,0.00029122
9.26e-007,0.000479656
9.262e-007,0.000585866
9.264e-007,0.000479656
9.266e-007,0.000263811
9.268e-007,0.000130192
9.27e-007,0.000154175
9.272e-007,0.00033576
9.274e-007,0.000534474
9.276e-007,0.000565309
9.278e-007,0.000407708
9.28e-007,0.000284368
9.282e-007,0.000318629
9.284e-007,0.000441969
9.286e-007,0.000544753
9.288e-007,0.00052077
9.29e-007,0.000370021
9.292e-007,0.00022955
9.294e-007,0.000236402
9.296e-007,0.00039743
9.298e-007,0.000531048
9.3e-007,0.000496787
9.302e-007,0.000325481
9.304e-007,0.000195289
9.306e-007,0.000263811
9.308e-007,0.000479656
9.31e-007,0.000630406
9.312e-007,0.000585866
9.314e-007,0.00039743
9.316e-007,0.000226124
9.318e-007,0.000226124
9.32e-007,0.000387151
9.322e-007,0.000534474
9.324e-007,0.000524196
9.326e-007,0.000370021
9.328e-007,0.000236402
9.33e-007,0.000267237
9.332e-007,0.000421412
9.334e-007,0.0005379
9.336e-007,0.000455674
9.338e-007,0.000274089
9.34e-007,0.000171306
9.342e-007,0.000239828
9.344e-007,0.000431691
9.346e-007,0.00058244
9.348e-007,0.000534474
9.35e-007,0.000328907
9.352e-007,0.000212419
9.354e-007,0.000294646
9.356e-007,0.000493361
9.358e-007,0.000630406
9.36e-007,0.000579014
9.362e-007,0.000380299
9.364e-007,0.000208993
9.366e-007,0.000178158
9.368e-007,0.000287794
9.37e-007,0.00039743
9.372e-007,0.000373447
9.374e-007,0.00029122
9.376e-007,0.000256959
9.378e-007,0.000342612
9.38e-007,0.000534474
9.382e-007,0.000657815
9.384e-007,0.000568735
9.386e-007,0.000363168
9.388e-007,0.000191863
9.39e-007,0.000198715
9.392e-007,0.000342612
9.394e-007,0.00047623
9.396e-007,0.000479656
9.398e-007,0.000339186
9.4e-007,0.000215845
9.402e-007,0.000250107
9.404e-007,0.00041456
9.406e-007,0.000548179
9.408e-007,0.000548179
9.41e-007,0.000421412
9.412e-007,0.000277516
9.414e-007,0.000256959
9.416e-007,0.000380299
9.418e-007,0.000493361
9.42e-007,0.000455674
9.422e-007,0.000328907
9.424e-007,0.000236402
9.426e-007,0.000263811
9.428e-007,0.00039743
9.43e-007,0.000510492
9.432e-007,0.000462526
9.434e-007,0.00029122
9.436e-007,0.000195289
9.438e-007,0.000280942
9.44e-007,0.000483083
9.442e-007,0.000647536
9.444e-007,0.000623553
9.446e-007,0.000438543
9.448e-007,0.000287794
9.45e-007,0.000270663
9.452e-007,0.000383725
9.454e-007,0.000479656
9.456e-007,0.000411134
9.458e-007,0.000232976
9.46e-007,0.000126766
9.462e-007,0.000202141
9.464e-007,0.00041456
9.466e-007,0.000589292
9.468e-007,0.000572162
9.47e-007,0.000404282
9.472e-007,0.000284368
9.474e-007,0.000339186
9.476e-007,0.000507065
9.478e-007,0.000623553
9.48e-007,0.000541327
9.482e-007,0.000325481
9.484e-007,0.000161028
9.486e-007,0.000174732
9.488e-007,0.000342612
9.49e-007,0.000472804
9.492e-007,0.000435117
9.494e-007,0.000294646
9.496e-007,0.000226124
9.498e-007,0.000346038
9.5e-007,0.000572162
9.502e-007,0.000698928
9.504e-007,0.000602997
9.506e-007,0.000342612
9.508e-007,0.000140471
9.51e-007,0.000178158
9.512e-007,0.00035289
9.514e-007,0.000489935
9.516e-007,0.000469378
9.518e-007,0.000339186
9.52e-007,0.000260385
9.522e-007,0.00033576
9.524e-007,0.000503639
9.526e-007,0.00058244
9.528e-007,0.000507065
9.53e-007,0.00033576
9.532e-007,0.000198715
9.534e-007,0.000232976
9.536e-007,0.000404282
9.538e-007,0.000541327
9.54e-007,0.000503639
9.542e-007,0.000325481
9.544e-007,0.000181584
9.546e-007,0.000212419
9.548e-007,0.000363168
9.55e-007,0.000496787
9.552e-007,0.000500213
9.554e-007,0.000370021
9.556e-007,0.000256959
9.558e-007,0.00029122
9.56e-007,0.000445395
9.562e-007,0.000575588
9.564e-007,0.000565309
9.566e-007,0.000435117
9.568e-007,0.000315203
9.57e-007,0.000308351
9.572e-007,0.000407708
9.574e-007,0.00047623
9.576e-007,0.000387151
9.578e-007,0.000222698
9.58e-007,0.000157601
9.582e-007,0.000253533
9.584e-007,0.000483083
9.586e-007,0.000671519
9.588e-007,0.000640684
9.59e-007,0.000435117
9.592e-007,0.000256959
9.594e-007,0.000270663
9.596e-007,0.000421412
9.598e-007,0.0005379
9.6e-007,0.00047623
9.602e-007,0.000274089
9.604e-007,0.000109636
9.606e-007,0.000174732
9.608e-007,0.000400856
9.61e-007,0.000565309
9.612e-007,0.000561883
9.614e-007,0.000400856
9.616e-007,0.000239828
9.618e-007,0.000243254
9.62e-007,0.000390577
9.622e-007,0.000510492
9.624e-007,0.000469378
9.626e-007,0.000298072
9.628e-007,0.000174732
9.63e-007,0.000232976
9.632e-007,0.00041456
9.634e-007,0.0005379
9.636e-007,0.00052077
9.638e-007,0.000411134
9.64e-007,0.000315203
9.642e-007,0.000322055
9.644e-007,0.000407708
9.646e-007,0.000448821
9.648e-007,0.000373447
9.65e-007,0.00022955
9.652e-007,0.00016788
9.654e-007,0.000304924
9.656e-007,0.0005379
9.658e-007,0.000647536
9.66e-007,0.000527622
9.662e-007,0.000284368
9.664e-007,0.000147323
9.666e-007,0.000205567
9.668e-007,0.000407708
9.67e-007,0.000551605
9.672e-007,0.000524196
9.674e-007,0.000394004
9.676e-007,0.000270663
9.678e-007,0.000294646
9.68e-007,0.00039743
9.682e-007,0.000438543
9.684e-007,0.000387151
9.686e-007,0.000243254
9.688e-007,0.00016788
9.69e-007,0.00029122
9.692e-007,0.000524196
9.694e-007,0.000661241
9.696e-007,0.00058244
9.698e-007,0.00035289
9.7e-007,0.000198715
9.702e-007,0.000239828
9.704e-007,0.000411134
9.706e-007,0.000555031
9.708e-007,0.000527622
9.71e-007,0.000394004
9.712e-007,0.000270663
9.714e-007,0.000298072
9.716e-007,0.00041456
9.718e-007,0.000479656
9.72e-007,0.000411134
9.722e-007,0.00022955
9.724e-007,0.000147323
9.726e-007,0.000260385
9.728e-007,0.000469378
9.73e-007,0.000626979
9.732e-007,0.000599571
9.734e-007,0.00039743
9.736e-007,0.000263811
9.738e-007,0.000332333
9.74e-007,0.000489935
9.742e-007,0.000565309
9.744e-007,0.000465952
9.746e-007,0.000270663
9.748e-007,0.00016788
9.75e-007,0.000253533
9.752e-007,0.000465952
9.754e-007,0.00058244
9.756e-007,0.000507065
9.758e-007,0.000298072
9.76e-007,0.000147323
9.762e-007,0.000215845
9.764e-007,0.000424839
9.766e-007,0.000565309
9.768e-007,0.000558457
9.77e-007,0.000428265
9.772e-007,0.000304924
9.774e-007,0.000322055
9.776e-007,0.000407708
9.778e-007,0.0004591
9.78e-007,0.00039743
9.782e-007,0.000260385
9.784e-007,0.000219272
9.786e-007,0.000342612
9.788e-007,0.000534474
9.79e-007,0.000633832
9.792e-007,0.000527622
9.794e-007,0.000298072
9.796e-007,0.000137045
9.798e-007,0.000202141
9.8e-007,0.000435117
9.802e-007,0.000579014
9.804e-007,0.000510492
9.806e-007,0.000322055
9.808e-007,0.000188436
9.81e-007,0.000256959
9.812e-007,0.000441969
9.814e-007,0.000585866
9.816e-007,0.000558457
9.818e-007,0.000366595
9.82e-007,0.000236402
9.822e-007,0.000280942
9.824e-007,0.0004591
9.826e-007,0.000575588
9.828e-007,0.000531048
9.83e-007,0.000370021
9.832e-007,0.000226124
9.834e-007,0.000260385
9.836e-007,0.000421412
9.838e-007,0.000503639
9.84e-007,0.000431691
9.842e-007,0.000284368
9.844e-007,0.000212419
9.846e-007,0.000298072
9.848e-007,0.000507065
9.85e-007,0.000657815
9.852e-007,0.000609849
9.854e-007,0.000407708
9.856e-007,0.000250107
9.858e-007,0.000298072
9.86e-007,0.000438543
9.862e-007,0.000510492
9.864e-007,0.000435117
9.866e-007,0.000253533
9.868e-007,0.000164454
9.87e-007,0.000263811
9.872e-007,0.000479656
9.874e-007,0.000657815
9.876e-007,0.000599571
9.878e-007,0.000346038
9.88e-007,0.000164454
9.882e-007,0.000202141
9.884e-007,0.00041456
9.886e-007,0.000592718
9.888e-007,0.000531048
9.89e-007,0.000318629
9.892e-007,0.00016788
9.894e-007,0.000222698
9.896e-007,0.000445395
9.898e-007,0.000609849
9.9e-007,0.000572162
9.902e-007,0.000390577
9.904e-007,0.000270663
9.906e-007,0.000294646
9.908e-007,0.00041456
9.91e-007,0.000503639
9.912e-007,0.000462526
9.914e-007,0.000301498
9.916e-007,0.000178158
9.918e-007,0.000260385
9.92e-007,0.000462526
9.922e-007,0.000585866
9.924e-007,0.000510492
9.926e-007,0.000298072
9.928e-007,0.000140471
9.93e-007,0.000191863
9.932e-007,0.000431691
9.934e-007,0.000613275
9.936e-007,0.000585866
9.938e-007,0.000421412
9.94e-007,0.000274089
9.942e-007,0.000287794
9.944e-007,0.000431691
9.946e-007,0.000531048
9.948e-007,0.000469378
9.95e-007,0.000298072
9.952e-007,0.000188436
9.954e-007,0.000250107
9.956e-007,0.000431691
9.958e-007,0.000548179
9.96e-007,0.000486509
9.962e-007,0.000294646
9.964e-007,0.000171306
9.966e-007,0.000263811
9.968e-007,0.000483083
9.97e-007,0.000616701
9.972e-007,0.000579014
9.974e-007,0.000404282
9.976e-007,0.000260385
9.978e-007,0.000284368
9.98e-007,0.000404282
9.982e-007,0.000469378
9.984e-007,0.000400856
9.986e-007,0.000243254
9.988e-007,0.000171306
9.99e-007,0.000277516
9.992e-007,0.000500213
9.994e-007,0.000630406
9.996e-007,0.000531048
9.998e-007,0.00029122
1e-006,0.000133619
1.0002e-006,0.000232976
1.0004e-006,0.000496787
1.0006e-006,0.000647536
1.0008e-006,0.000568735
1.001e-006,0.000339186
1.0012e-006,0.000150749
1.0014e-006,0.00018501
1.0016e-006,0.000394004
1.0018e-006,0.000596144
1.002e-006,0.000630406
1.0022e-006,0.000465952
1.0024e-006,0.000274089
1.0026e-006,0.000219272
1.0028e-006,0.000287794
1.003e-006,0.000383725
1.0032e-006,0.000390577
1.0034e-006,0.000318629
1.0036e-006,0.000304924
1.0038e-006,0.000417986
1.004e-006,0.000592718
1.0042e-006,0.000654388
1.0044e-006,0.000527622
1.0046e-006,0.00033576
1.0048e-006,0.000243254
1.005e-006,0.000308351
1.0052e-006,0.000469378
1.0054e-006,0.000561883
1.0056e-006,0.000496787
1.0058e-006,0.000304924
1.006e-006,0.000130192
1.0062e-006,0.000164454
1.0064e-006,0.000342612
1.0066e-006,0.000465952
1.0068e-006,0.0004591
1.007e-006,0.00035289
1.0072e-006,0.000287794
1.0074e-006,0.000383725
1.0076e-006,0.000572162
1.0078e-006,0.000681797
1.008e-006,0.00058244
1.0082e-006,0.000356316
1.0084e-006,0.000181584
1.0086e-006,0.00018501
1.0088e-006,0.000359742
1.009e-006,0.000503639
1.0092e-006,0.000452248
1.0094e-006,0.000277516
1.0096e-006,0.00016788
1.0098e-006,0.000253533
1.01e-006,0.000455674
1.0102e-006,0.000633832
1.0104e-006,0.000640684
1.0106e-006,0.000448821
1.0108e-006,0.00029122
1.011e-006,0.000311777
1.0112e-006,0.0004591
1.0114e-006,0.000568735
1.0116e-006,0.00052077
1.0118e-006,0.000339186
1.012e-006,0.000191863
1.0122e-006,0.000215845
1.0124e-006,0.000346038
1.0126e-006,0.000465952
1.0128e-006,0.0004591
1.013e-006,0.000325481
1.0132e-006,0.000267237
1.0134e-006,0.000390577
1.0136e-006,0.000602997
1.0138e-006,0.000698928
1.014e-006,0.000558457
1.0142e-006,0.000270663
1.0144e-006,8.22268e-005
1.0146e-006,0.000174732
1.0148e-006,0.000435117
1.015e-006,0.000637258
1.0152e-006,0.000613275
1.0154e-006,0.000380299
1.0156e-006,0.000171306
1.0158e-006,0.000181584
1.016e-006,0.000349464
1.0162e-006,0.000500213
1.0164e-006,0.000489935
1.0166e-006,0.000339186
1.0168e-006,0.000232976
1.017e-006,0.000315203
1.0172e-006,0.000510492
1.0174e-006,0.000633832
1.0176e-006,0.000602997
1.0178e-006,0.000421412
1.018e-006,0.000280942
1.0182e-006,0.000328907
1.0184e-006,0.000455674
1.0186e-006,0.000483083
1.0188e-006,0.000339186
1.019e-006,0.000171306
1.0192e-006,0.000119914
1.0194e-006,0.000250107
1.0196e-006,0.000496787
1.0198e-006,0.000647536
1.02e-006,0.000613275
1.0202e-006,0.000448821
1.0204e-006,0.000294646
1.0206e-006,0.000298072
1.0208e-006,0.000438543
1.021e-006,0.000555031
1.0212e-006,0.000513918
1.0214e-006,0.000318629
1.0216e-006,0.000164454
1.0218e-006,0.000202141
1.022e-006,0.000376873
1.0222e-006,0.000503639
1.0224e-006,0.000452248
1.0226e-006,0.000304924
1.0228e-006,0.000222698
1.023e-006,0.000301498
1.0232e-006,0.000496787
1.0234e-006,0.000626979
1.0236e-006,0.000568735
1.0238e-006,0.000359742
1.024e-006,0.000205567
1.0242e-006,0.000270663
1.0244e-006,0.000469378
1.0246e-006,0.000599571
1.0248e-006,0.000527622
1.025e-006,0.000304924
1.0252e-006,0.000150749
1.0254e-006,0.000202141
1.0256e-006,0.000417986
1.0258e-006,0.000599571
1.026e-006,0.000558457
1.0262e-006,0.000346038
1.0264e-006,0.000164454
1.0266e-006,0.000202141
1.0268e-006,0.000411134
1.027e-006,0.00058244
1.0272e-006,0.000575588
1.0274e-006,0.000383725
1.0276e-006,0.000198715
1.0278e-006,0.000243254
1.028e-006,0.000441969
1.0282e-006,0.000565309
1.0284e-006,0.000527622
1.0286e-006,0.000349464
1.0288e-006,0.000191863
1.029e-006,0.000253533
1.0292e-006,0.000441969
1.0294e-006,0.000592718
1.0296e-006,0.000568735
1.0298e-006,0.000359742
1.03e-006,0.00018501
1.0302e-006,0.000215845
1.0304e-006,0.000421412
1.0306e-006,0.000572162
1.0308e-006,0.000507065
1.031e-006,0.000339186
1.0312e-006,0.000243254
1.0314e-006,0.000318629
1.0316e-006,0.000486509
1.0318e-006,0.000579014
1.032e-006,0.000486509
1.0322e-006,0.000270663
1.0324e-006,0.000157601
1.0326e-006,0.00022955
1.0328e-006,0.000421412
1.033e-006,0.000585866
1.0332e-006,0.00058244
1.0334e-006,0.000431691
1.0336e-006,0.000277516
1.0338e-006,0.000311777
1.034e-006,0.000472804
1.0342e-006,0.000551605
1.0344e-006,0.000469378
1.0346e-006,0.000274089
1.0348e-006,0.000140471
1.035e-006,0.000239828
1.0352e-006,0.000455674
1.0354e-006,0.000585866
1.0356e-006,0.0005379
1.0358e-006,0.000339186
1.036e-006,0.000198715
1.0362e-006,0.000243254
1.0364e-006,0.000421412
1.0366e-006,0.000548179
1.0368e-006,0.000472804
1.037e-006,0.000274089
1.0372e-006,0.000157601
1.0374e-006,0.000274089
1.0376e-006,0.000510492
1.0378e-006,0.00064411
1.038e-006,0.000579014
1.0382e-006,0.000376873
1.0384e-006,0.000219272
1.0386e-006,0.000243254
1.0388e-006,0.000411134
1.039e-006,0.000561883
1.0392e-006,0.000527622
1.0394e-006,0.000346038
1.0396e-006,0.000198715
1.0398e-006,0.000232976
1.04e-006,0.000394004
1.0402e-006,0.00052077
1.0404e-006,0.00047623
1.0406e-006,0.000339186
1.0408e-006,0.000287794
1.041e-006,0.00041456
1.0412e-006,0.000592718
1.0414e-006,0.00064411
1.0416e-006,0.000513918
1.0418e-006,0.000274089
1.042e-006,0.000143897
1.0422e-006,0.000253533
1.0424e-006,0.000469378
1.0426e-006,0.000572162
1.0428e-006,0.000469378
1.043e-006,0.000260385
1.0432e-006,0.000133619
1.0434e-006,0.000222698
1.0436e-006,0.000452248
1.0438e-006,0.000640684
1.044e-006,0.000633832
1.0442e-006,0.000462526
1.0444e-006,0.000304924
1.0446e-006,0.000318629
1.0448e-006,0.000445395
1.045e-006,0.000496787
1.0452e-006,0.000394004
1.0454e-006,0.000212419
1.0456e-006,0.00012334
1.0458e-006,0.000243254
1.046e-006,0.000469378
1.0462e-006,0.000613275
1.0464e-006,0.00058244
1.0466e-006,0.00041456
1.0468e-006,0.00029122
1.047e-006,0.00033576
1.0472e-006,0.000503639
1.0474e-006,0.00058244
1.0476e-006,0.000452248
1.0478e-006,0.000236402
1.048e-006,0.000137045
1.0482e-006,0.000260385
1.0484e-006,0.000486509
1.0486e-006,0.000602997
1.0488e-006,0.000513918
1.049e-006,0.000308351
1.0492e-006,0.000157601
1.0494e-006,0.000236402
1.0496e-006,0.000452248
1.0498e-006,0.000599571
1.05e-006,0.000558457
1.0502e-006,0.000359742
1.0504e-006,0.000219272
1.0506e-006,0.00029122
1.0508e-006,0.000496787
1.051e-006,0.000623553
1.0512e-006,0.000548179
1.0514e-006,0.000346038
1.0516e-006,0.000205567
1.0518e-006,0.00022955
1.052e-006,0.000370021
1.0522e-006,0.000452248
1.0524e-006,0.000404282
1.0526e-006,0.000284368
1.0528e-006,0.000253533
1.053e-006,0.000424839
1.0532e-006,0.000674945
1.0534e-006,0.000760598
1.0536e-006,0.000613275
1.0538e-006,0.000328907
1.054e-006,0.000113062
1.0542e-006,0.000137045
1.0544e-006,0.000339186
1.0546e-006,0.00047623
1.0548e-006,0.000448821
1.055e-006,0.000311777
1.0552e-006,0.000222698
1.0554e-006,0.000308351
1.0556e-006,0.000500213
1.0558e-006,0.000620127
1.056e-006,0.000524196
1.0562e-006,0.000318629
1.0564e-006,0.000181584
1.0566e-006,0.00022955
1.0568e-006,0.000428265
1.057e-006,0.000568735
1.0572e-006,0.000531048
1.0574e-006,0.000370021
1.0576e-006,0.000256959
1.0578e-006,0.000304924
1.058e-006,0.000448821
1.0582e-006,0.000524196
1.0584e-006,0.000428265
1.0586e-006,0.00024668
1.0588e-006,0.000150749
1.059e-006,0.000222698
1.0592e-006,0.00041456
1.0594e-006,0.000596144
1.0596e-006,0.000599571
1.0598e-006,0.000428265
1.06e-006,0.000311777
1.0602e-006,0.000380299
1.0604e-006,0.000561883
1.0606e-006,0.000664667
1.0608e-006,0.0005379
1.061e-006,0.000256959
1.0612e-006,6.50963e-005
1.0614e-006,0.000109636
1.0616e-006,0.000308351
1.0618e-006,0.00047623
1.062e-006,0.000493361
1.0622e-006,0.000359742
1.0624e-006,0.000263811
1.0626e-006,0.000366595
1.0628e-006,0.000551605
1.063e-006,0.000657815
1.0632e-006,0.000585866
1.0634e-006,0.000363168
1.0636e-006,0.000188436
1.0638e-006,0.000219272
1.064e-006,0.000387151
1.0642e-006,0.000503639
1.0644e-006,0.000452248
1.0646e-006,0.000274089
1.0648e-006,0.000178158
1.065e-006,0.000298072
1.0652e-006,0.000503639
1.0654e-006,0.000606423
1.0656e-006,0.000524196
1.0658e-006,0.000298072
1.066e-006,0.000119914
1.0662e-006,0.000195289
1.0664e-006,0.000394004
1.0666e-006,0.000555031
1.0668e-006,0.000585866
1.067e-006,0.00047623
1.0672e-006,0.000376873
1.0674e-006,0.000373447
1.0676e-006,0.000431691
1.0678e-006,0.000445395
1.068e-006,0.000332333
1.0682e-006,0.000181584
1.0684e-006,0.000161028
1.0686e-006,0.000311777
1.0688e-006,0.000531048
1.069e-006,0.000626979
1.0692e-006,0.000500213
1.0694e-006,0.000274089
1.0696e-006,0.000143897
1.0698e-006,0.000215845
1.07e-006,0.000441969
1.0702e-006,0.000602997
1.0704e-006,0.000565309
1.0706e-006,0.00039743
1.0708e-006,0.000280942
1.071e-006,0.000339186
1.0712e-006,0.000493361
1.0714e-006,0.000527622
1.0716e-006,0.000373447
1.0718e-006,0.000161028
1.072e-006,9.59313e-005
1.0722e-006,0.000287794
1.0724e-006,0.00058244
1.0726e-006,0.000726337
1.0728e-006,0.000585866
1.073e-006,0.000260385
1.0732e-006,4.79657e-005
1.0734e-006,0.000126766
1.0736e-006,0.000394004
1.0738e-006,0.000606423
1.074e-006,0.000613275
1.0742e-006,0.000438543
1.0744e-006,0.000274089
1.0746e-006,0.000277516
1.0748e-006,0.000421412
1.075e-006,0.00052077
1.0752e-006,0.000445395
1.0754e-006,0.000301498
1.0756e-006,0.000236402
1.0758e-006,0.000318629
1.076e-006,0.000483083
1.0762e-006,0.000548179
1.0764e-006,0.000417986
1.0766e-006,0.000205567
1.0768e-006,0.000130192
1.077e-006,0.000315203
1.0772e-006,0.000602997
1.0774e-006,0.000733189
1.0776e-006,0.000596144
1.0778e-006,0.000270663
1.078e-006,7.88007e-005
1.0782e-006,0.000147323
1.0784e-006,0.000318629
1.0786e-006,0.00047623
1.0788e-006,0.00052077
1.079e-006,0.000417986
1.0792e-006,0.000294646
1.0794e-006,0.000346038
1.0796e-006,0.000527622
1.0798e-006,0.000616701
1.08e-006,0.00047623
1.0802e-006,0.000232976
1.0804e-006,0.00010621
1.0806e-006,0.000212419
1.0808e-006,0.000479656
1.081e-006,0.00064411
1.0812e-006,0.000561883
1.0814e-006,0.00033576
1.0816e-006,0.000174732
1.0818e-006,0.000215845
1.082e-006,0.000407708
1.0822e-006,0.0005379
1.0824e-006,0.000486509
1.0826e-006,0.000359742
1.0828e-006,0.000284368
1.083e-006,0.000349464
1.0832e-006,0.000527622
1.0834e-006,0.000650962
1.0836e-006,0.000558457
1.0838e-006,0.000294646
1.084e-006,0.00010621
1.0842e-006,0.000174732
1.0844e-006,0.000400856
1.0846e-006,0.000544753
1.0848e-006,0.000507065
1.085e-006,0.000325481
1.0852e-006,0.000195289
1.0854e-006,0.000284368
1.0856e-006,0.000479656
1.0858e-006,0.000596144
1.086e-006,0.000531048
1.0862e-006,0.000322055
1.0864e-006,0.000195289
1.0866e-006,0.000301498
1.0868e-006,0.000503639
1.087e-006,0.000609849
1.0872e-006,0.00052077
1.0874e-006,0.000294646
1.0876e-006,0.000143897
1.0878e-006,0.000202141
1.088e-006,0.000407708
1.0882e-006,0.000541327
1.0884e-006,0.00047623
1.0886e-006,0.00029122
1.0888e-006,0.000150749
1.089e-006,0.000208993
1.0892e-006,0.000411134
1.0894e-006,0.000575588
1.0896e-006,0.000561883
1.0898e-006,0.000421412
1.09e-006,0.000339186
1.0902e-006,0.000383725
1.0904e-006,0.000496787
1.0906e-006,0.000507065
1.0908e-006,0.000328907
1.091e-006,0.000109636
1.0912e-006,5.48179e-005
1.0914e-006,0.000250107
1.0916e-006,0.000568735
1.0918e-006,0.000760598
1.092e-006,0.000674945
1.0922e-006,0.00039743
1.0924e-006,0.000178158
1.0926e-006,0.000198715
1.0928e-006,0.000411134
1.093e-006,0.000565309
1.0932e-006,0.000507065
1.0934e-006,0.000311777
1.0936e-006,0.000171306
1.0938e-006,0.000191863
1.094e-006,0.00035289
1.0942e-006,0.000534474
1.0944e-006,0.000568735
1.0946e-006,0.0004591
1.0948e-006,0.000363168
1.095e-006,0.000404282
1.0952e-006,0.000503639
1.0954e-006,0.00052077
1.0956e-006,0.000404282
1.0958e-006,0.000208993
1.096e-006,9.93574e-005
1.0962e-006,0.00022955
1.0964e-006,0.000513918
1.0966e-006,0.000692076
1.0968e-006,0.000633832
1.097e-006,0.000411134
1.0972e-006,0.00022955
1.0974e-006,0.000239828
1.0976e-006,0.000394004
1.0978e-006,0.000496787
1.098e-006,0.000428265
1.0982e-006,0.000243254
1.0984e-006,0.00012334
1.0986e-006,0.000253533
1.0988e-006,0.000524196
1.099e-006,0.000685223
1.0992e-006,0.000623553
1.0994e-006,0.000435117
1.0996e-006,0.000311777
1.0998e-006,0.000328907
1.1e-006,0.000452248
1.1002e-006,0.000531048
1.1004e-006,0.000431691
1.1006e-006,0.000226124
1.1008e-006,0.000126766
1.101e-006,0.000274089
1.1012e-006,0.000534474
1.1014e-006,0.000661241
1.1016e-006,0.000524196
1.1018e-006,0.000253533
1.102e-006,9.59313e-005
1.1022e-006,0.000198715
1.1024e-006,0.000435117
1.1026e-006,0.000589292
1.1028e-006,0.000568735
1.103e-006,0.00041456
1.1032e-006,0.00029122
1.1034e-006,0.00033576
1.1036e-006,0.000493361
1.1038e-006,0.000568735
1.104e-006,0.000438543
1.1042e-006,0.000198715
1.1044e-006,9.59313e-005
1.1046e-006,0.000222698
1.1048e-006,0.000445395
1.105e-006,0.000589292
1.1052e-006,0.000527622
1.1054e-006,0.000339186
1.1056e-006,0.000222698
1.1058e-006,0.000298072
1.106e-006,0.000469378
1.1062e-006,0.000548179
1.1064e-006,0.000448821
1.1066e-006,0.000222698
1.1068e-006,0.000109636
1.107e-006,0.000256959
1.1072e-006,0.000551605
1.1074e-006,0.000712632
1.1076e-006,0.000592718
1.1078e-006,0.000356316
1.108e-006,0.000202141
1.1082e-006,0.00024668
1.1084e-006,0.00039743
1.1086e-006,0.000483083
1.1088e-006,0.000404282
1.109e-006,0.00024668
1.1092e-006,0.000198715
1.1094e-006,0.000339186
1.1096e-006,0.000572162
1.1098e-006,0.000668093
1.11e-006,0.00058244
1.1102e-006,0.000370021
1.1104e-006,0.000202141
1.1106e-006,0.000260385
1.1108e-006,0.000441969
1.111e-006,0.000541327
1.1112e-006,0.000469378
1.1114e-006,0.000277516
1.1116e-006,0.000143897
1.1118e-006,0.000239828
1.112e-006,0.000462526
1.1122e-006,0.000616701
1.1124e-006,0.000565309
1.1126e-006,0.000349464
1.1128e-006,0.000222698
1.113e-006,0.000298072
1.1132e-006,0.000493361
1.1134e-006,0.000589292
1.1136e-006,0.000489935
1.1138e-006,0.000277516
1.114e-006,0.000154175
1.1142e-006,0.000253533
1.1144e-006,0.000472804
1.1146e-006,0.000585866
1.1148e-006,0.000507065
1.115e-006,0.000308351
1.1152e-006,0.000188436
1.1154e-006,0.000287794
1.1156e-006,0.00047623
1.1158e-006,0.000579014
1.116e-006,0.000513918
1.1162e-006,0.000342612
1.1164e-006,0.000239828
1.1166e-006,0.000349464
1.1168e-006,0.000561883
1.117e-006,0.000650962
1.1172e-006,0.00052077
1.1174e-006,0.000260385
1.1176e-006,9.59313e-005
1.1178e-006,0.00018501
1.118e-006,0.000407708
1.1182e-006,0.000568735
1.1184e-006,0.000541327
1.1186e-006,0.000339186
1.1188e-006,0.000208993
1.119e-006,0.000294646
1.1192e-006,0.000462526
1.1194e-006,0.000572162
1.1196e-006,0.00052077
1.1198e-006,0.000339186
1.12e-006,0.000260385
1.1202e-006,0.000342612
1.1204e-006,0.000479656
1.1206e-006,0.000527622
1.1208e-006,0.000421412
1.121e-006,0.000215845
1.1212e-006,0.000126766
1.1214e-006,0.000267237
1.1216e-006,0.000486509
1.1218e-006,0.000613275
1.122e-006,0.0005379
1.1222e-006,0.000308351
1.1224e-006,0.000171306
1.1226e-006,0.000256959
1.1228e-006,0.000469378
1.123e-006,0.000616701
1.1232e-006,0.000609849
1.1234e-006,0.000452248
1.1236e-006,0.000308351
1.1238e-006,0.000315203
1.124e-006,0.00041456
1.1242e-006,0.00047623
1.1244e-006,0.00039743
1.1246e-006,0.000208993
1.1248e-006,9.93574e-005
1.125e-006,0.000195289
1.1252e-006,0.000435117
1.1254e-006,0.000626979
1.1256e-006,0.000620127
1.1258e-006,0.000445395
1.126e-006,0.000298072
1.1262e-006,0.000318629
1.1264e-006,0.000438543
1.1266e-006,0.000489935
1.1268e-006,0.000411134
1.127e-006,0.000250107
1.1272e-006,0.000147323
1.1274e-006,0.000250107
1.1276e-006,0.000462526
1.1278e-006,0.000585866
1.128e-006,0.000510492
1.1282e-006,0.000328907
1.1284e-006,0.000267237
1.1286e-006,0.000390577
1.1288e-006,0.000568735
1.129e-006,0.000633832
1.1292e-006,0.000489935
1.1294e-006,0.000219272
1.1296e-006,5.13918e-005
1.1298e-006,0.000150749
1.13e-006,0.000387151
1.1302e-006,0.0005379
1.1304e-006,0.000507065
1.1306e-006,0.000359742
1.1308e-006,0.000294646
1.131e-006,0.000390577
1.1312e-006,0.000555031
1.1314e-006,0.000592718
1.1316e-006,0.000441969
1.1318e-006,0.00024668
1.132e-006,0.000174732
1.1322e-006,0.000280942
1.1324e-006,0.000479656
1.1326e-006,0.000565309
1.1328e-006,0.000448821
1.133e-006,0.000232976
1.1332e-006,0.000133619
1.1334e-006,0.000260385
1.1336e-006,0.000503639
1.1338e-006,0.000626979
1.134e-006,0.0005379
1.1342e-006,0.000359742
1.1344e-006,0.000256959
1.1346e-006,0.000304924
1.1348e-006,0.000431691
1.135e-006,0.000469378
1.1352e-006,0.000376873
1.1354e-006,0.000236402
1.1356e-006,0.000198715
1.1358e-006,0.000325481
1.136e-006,0.0005379
1.1362e-006,0.000654388
1.1364e-006,0.000551605
1.1366e-006,0.000298072
1.1368e-006,0.000133619
1.137e-006,0.000208993
1.1372e-006,0.000394004
1.1374e-006,0.000510492
1.1376e-006,0.000462526
1.1378e-006,0.000311777
1.138e-006,0.000263811
1.1382e-006,0.000380299
1.1384e-006,0.000565309
1.1386e-006,0.000633832
1.1388e-006,0.000517344
1.139e-006,0.000260385
1.1392e-006,0.000109636
1.1394e-006,0.000198715
1.1396e-006,0.00041456
1.1398e-006,0.000585866
1.14e-006,0.000561883
1.1402e-006,0.000387151
1.1404e-006,0.000253533
1.1406e-006,0.000308351
1.1408e-006,0.000479656
1.141e-006,0.000589292
1.1412e-006,0.000517344
1.1414e-006,0.000304924
1.1416e-006,0.000164454
1.1418e-006,0.000239828
1.142e-006,0.000472804
1.1422e-006,0.000599571
1.1424e-006,0.000510492
1.1426e-006,0.000318629
1.1428e-006,0.000222698
1.143e-006,0.000346038
1.1432e-006,0.00052077
1.1434e-006,0.000596144
1.1436e-006,0.000472804
1.1438e-006,0.000243254
1.144e-006,0.000137045
1.1442e-006,0.00022955
1.1444e-006,0.000445395
1.1446e-006,0.000589292
1.1448e-006,0.000568735
1.145e-006,0.000411134
1.1452e-006,0.000294646
1.1454e-006,0.000322055
1.1456e-006,0.000441969
1.1458e-006,0.000507065
1.146e-006,0.00041456
1.1462e-006,0.000250107
1.1464e-006,0.00018501
1.1466e-006,0.000311777
1.1468e-006,0.000517344
1.147e-006,0.000630406
1.1472e-006,0.000575588
1.1474e-006,0.000394004
1.1476e-006,0.000253533
1.1478e-006,0.000308351
1.148e-006,0.000455674
1.1482e-006,0.000483083
1.1484e-006,0.000370021
1.1486e-006,0.000219272
1.1488e-006,0.00018501
1.149e-006,0.00033576
1.1492e-006,0.0005379
1.1494e-006,0.000647536
1.1496e-006,0.000561883
1.1498e-006,0.000349464
1.15e-006,0.00018501
1.1502e-006,0.000208993
1.1504e-006,0.000387151
1.1506e-006,0.000507065
1.1508e-006,0.000455674
1.151e-006,0.000304924
1.1512e-006,0.000260385
1.1514e-006,0.000390577
1.1516e-006,0.0005379
1.1518e-006,0.000561883
1.152e-006,0.000452248
1.1522e-006,0.000253533
1.1524e-006,0.000143897
1.1526e-006,0.000277516
1.1528e-006,0.000503639
1.153e-006,0.000626979
1.1532e-006,0.000548179
1.1534e-006,0.00033576
1.1536e-006,0.000212419
1.1538e-006,0.00029122
1.154e-006,0.000452248
1.1542e-006,0.000527622
1.1544e-006,0.000441969
1.1546e-006,0.000263811
1.1548e-006,0.000171306
1.155e-006,0.000270663
1.1552e-006,0.00047623
1.1554e-006,0.000572162
1.1556e-006,0.000493361
1.1558e-006,0.000328907
1.156e-006,0.000239828
1.1562e-006,0.000332333
1.1564e-006,0.000493361
1.1566e-006,0.000544753
1.1568e-006,0.000424839
1.157e-006,0.000243254
1.1572e-006,0.000161028
1.1574e-006,0.000267237
1.1576e-006,0.000489935
1.1578e-006,0.000626979
1.158e-006,0.000548179
1.1582e-006,0.000328907
1.1584e-006,0.000205567
1.1586e-006,0.000308351
1.1588e-006,0.000517344
1.159e-006,0.000599571
1.1592e-006,0.000455674
1.1594e-006,0.000222698
1.1596e-006,9.93574e-005
1.1598e-006,0.000195289
1.16e-006,0.000441969
1.1602e-006,0.000616701
1.1604e-006,0.000548179
1.1606e-006,0.000359742
1.1608e-006,0.000284368
1.161e-006,0.000363168
1.1612e-006,0.000493361
1.1614e-006,0.000544753
1.1616e-006,0.000435117
1.1618e-006,0.00024668
1.162e-006,0.000150749
1.1622e-006,0.000280942
1.1624e-006,0.000534474
1.1626e-006,0.000654388
1.1628e-006,0.000579014
1.163e-006,0.000373447
1.1632e-006,0.000174732
1.1634e-006,0.000171306
1.1636e-006,0.000339186
1.1638e-006,0.000489935
1.164e-006,0.00047623
1.1642e-006,0.000373447
1.1644e-006,0.00035289
1.1646e-006,0.000452248
1.1648e-006,0.000596144
1.165e-006,0.000626979
1.1652e-006,0.000448821
1.1654e-006,0.000171306
1.1656e-006,4.79657e-005
1.1658e-006,0.000195289
1.166e-006,0.000472804
1.1662e-006,0.000657815
1.1664e-006,0.000613275
1.1666e-006,0.000400856
1.1668e-006,0.000243254
1.167e-006,0.000270663
1.1672e-006,0.00041456
1.1674e-006,0.000489935
1.1676e-006,0.000390577
1.1678e-006,0.000212419
1.168e-006,0.000178158
1.1682e-006,0.000359742
1.1684e-006,0.000616701
1.1686e-006,0.000746894
1.1688e-006,0.000606423
1.169e-006,0.000308351
1.1692e-006,0.000116488
1.1694e-006,0.000161028
1.1696e-006,0.000370021
1.1698e-006,0.000507065
1.17e-006,0.000469378
1.1702e-006,0.000318629
1.1704e-006,0.000222698
1.1706e-006,0.000325481
1.1708e-006,0.000527622
1.171e-006,0.000596144
1.1712e-006,0.000472804
1.1714e-006,0.000298072
1.1716e-006,0.000239828
1.1718e-006,0.000366595
1.172e-006,0.000548179
1.1722e-006,0.000602997
1.1724e-006,0.000479656
1.1726e-006,0.000263811
1.1728e-006,0.000140471
1.173e-006,0.00022955
1.1732e-006,0.000465952
1.1734e-006,0.000620127
1.1736e-006,0.000544753
1.1738e-006,0.000339186
1.174e-006,0.000212419
1.1742e-006,0.000304924
1.1744e-006,0.000510492
1.1746e-006,0.000602997
1.1748e-006,0.000500213
1.175e-006,0.000294646
1.1752e-006,0.000178158
1.1754e-006,0.000270663
1.1756e-006,0.000507065
1.1758e-006,0.000661241
1.176e-006,0.000565309
1.1762e-006,0.000332333
1.1764e-006,0.000208993
1.1766e-006,0.000260385
1.1768e-006,0.000407708
1.177e-006,0.000483083
1.1772e-006,0.000387151
1.1774e-006,0.00022955
1.1776e-006,0.000208993
1.1778e-006,0.000356316
1.178e-006,0.000568735
1.1782e-006,0.000661241
1.1784e-006,0.000524196
1.1786e-006,0.000301498
1.1788e-006,0.000181584
1.179e-006,0.000277516
1.1792e-006,0.000496787
1.1794e-006,0.000606423
1.1796e-006,0.000524196
1.1798e-006,0.000298072
1.18e-006,0.000164454
1.1802e-006,0.00024668
1.1804e-006,0.000390577
1.1806e-006,0.000483083
1.1808e-006,0.000448821
1.181e-006,0.000311777
1.1812e-006,0.000253533
1.1814e-006,0.00035289
1.1816e-006,0.0005379
1.1818e-006,0.000647536
1.182e-006,0.000551605
1.1822e-006,0.000346038
1.1824e-006,0.000232976
1.1826e-006,0.000298072
1.1828e-006,0.000493361
1.183e-006,0.000609849
1.1832e-006,0.000496787
1.1834e-006,0.000256959
1.1836e-006,0.000137045
1.1838e-006,0.000212419
1.184e-006,0.000404282
1.1842e-006,0.000517344
1.1844e-006,0.000445395
1.1846e-006,0.000318629
1.1848e-006,0.000311777
1.185e-006,0.0004591
1.1852e-006,0.000623553
1.1854e-006,0.000623553
1.1856e-006,0.000441969
1.1858e-006,0.000205567
1.186e-006,7.53746e-005
1.1862e-006,0.000174732
1.1864e-006,0.000417986
1.1866e-006,0.000572162
1.1868e-006,0.000534474
1.187e-006,0.000370021
1.1872e-006,0.000280942
1.1874e-006,0.000404282
1.1876e-006,0.000599571
1.1878e-006,0.000640684
1.188e-006,0.000489935
1.1882e-006,0.000256959
1.1884e-006,0.000102784
1.1886e-006,0.000205567
1.1888e-006,0.000428265
1.189e-006,0.000507065
1.1892e-006,0.000424839
1.1894e-006,0.000284368
1.1896e-006,0.000215845
1.1898e-006,0.000301498
1.19e-006,0.000445395
1.1902e-006,0.0005379
1.1904e-006,0.000486509
1.1906e-006,0.00035289
1.1908e-006,0.000298072
1.191e-006,0.00039743
1.1912e-006,0.000589292
1.1914e-006,0.000637258
1.1916e-006,0.000479656
1.1918e-006,0.000236402
1.192e-006,9.25052e-005
1.1922e-006,0.000205567
1.1924e-006,0.000462526
1.1926e-006,0.000602997
1.1928e-006,0.000503639
1.193e-006,0.000274089
1.1932e-006,0.000178158
1.1934e-006,0.000301498
1.1936e-006,0.000489935
1.1938e-006,0.000579014
1.194e-006,0.000483083
1.1942e-006,0.000270663
1.1944e-006,0.000188436
1.1946e-006,0.000346038
1.1948e-006,0.000602997
1.195e-006,0.000746894
1.1952e-006,0.000606423
1.1954e-006,0.000294646
1.1956e-006,7.53746e-005
1.1958e-006,0.000102784
1.196e-006,0.000308351
1.1962e-006,0.000483083
1.1964e-006,0.000496787
1.1966e-006,0.000370021
1.1968e-006,0.00029122
1.197e-006,0.000356316
1.1972e-006,0.00047623
1.1974e-006,0.000548179
1.1976e-006,0.000455674
1.1978e-006,0.000280942
1.198e-006,0.000243254
1.1982e-006,0.000390577
1.1984e-006,0.000572162
1.1986e-006,0.000626979
1.1988e-006,0.000507065
1.199e-006,0.00029122
1.1992e-006,0.000140471
1.1994e-006,0.000208993
1.1996e-006,0.000407708
1.1998e-006,0.000510492
1.2e-006,0.000431691
1.2002e-006,0.000284368
1.2004e-006,0.000250107
1.2006e-006,0.000376873
1.2008e-006,0.000565309
1.201e-006,0.000637258
1.2012e-006,0.000503639
1.2014e-006,0.00029122
1.2016e-006,0.000202141
1.2018e-006,0.000308351
1.202e-006,0.000507065
1.2022e-006,0.000596144
1.2024e-006,0.000462526
1.2026e-006,0.000250107
1.2028e-006,0.000171306
1.203e-006,0.000270663
1.2032e-006,0.0004591
1.2034e-006,0.000558457
1.2036e-006,0.000496787
1.2038e-006,0.000342612
1.204e-006,0.000243254
1.2042e-006,0.000328907
1.2044e-006,0.000496787
1.2046e-006,0.000589292
1.2048e-006,0.000496787
1.205e-006,0.000284368
1.2052e-006,0.000202141
1.2054e-006,0.000322055
1.2056e-006,0.000531048
1.2058e-006,0.000626979
1.206e-006,0.00052077
1.2062e-006,0.000311777
1.2064e-006,0.000174732
1.2066e-006,0.000226124
1.2068e-006,0.000380299
1.207e-006,0.000462526
1.2072e-006,0.000404282
1.2074e-006,0.000280942
1.2076e-006,0.000232976
1.2078e-006,0.000373447
1.208e-006,0.000613275
1.2082e-006,0.000709206
1.2084e-006,0.000541327
1.2086e-006,0.000239828
1.2088e-006,8.22268e-005
1.209e-006,0.000161028
1.2092e-006,0.000383725
1.2094e-006,0.000551605
1.2096e-006,0.00052077
1.2098e-006,0.00035289
1.21e-006,0.00022955
1.2102e-006,0.00029122
1.2104e-006,0.000483083
1.2106e-006,0.000592718
1.2108e-006,0.000500213
1.211e-006,0.000311777
1.2112e-006,0.000226124
1.2114e-006,0.000328907
1.2116e-006,0.000503639
1.2118e-006,0.000555031
1.212e-006,0.000431691
1.2122e-006,0.000243254
1.2124e-006,0.00016788
1.2126e-006,0.000274089
1.2128e-006,0.000469378
1.213e-006,0.000592718
1.2132e-006,0.000531048
1.2134e-006,0.000342612
1.2136e-006,0.000222698
1.2138e-006,0.00029122
1.214e-006,0.000445395
1.2142e-006,0.000531048
1.2144e-006,0.000486509
1.2146e-006,0.00035289
1.2148e-006,0.000277516
1.215e-006,0.000359742
1.2152e-006,0.000510492
1.2154e-006,0.000548179
1.2156e-006,0.000448821
1.2158e-006,0.000304924
1.216e-006,0.000243254
1.2162e-006,0.000346038
1.2164e-006,0.000517344
1.2166e-006,0.000589292
1.2168e-006,0.000445395
1.217e-006,0.000212419
1.2172e-006,0.00012334
1.2174e-006,0.000267237
1.2176e-006,0.000510492
1.2178e-006,0.000633832
1.218e-006,0.000568735
1.2182e-006,0.000383725
1.2184e-006,0.000263811
1.2186e-006,0.000342612
1.2188e-006,0.000527622
1.219e-006,0.000589292
1.2192e-006,0.000445395
1.2194e-006,0.000222698
1.2196e-006,0.000137045
1.2198e-006,0.000256959
1.22e-006,0.000479656
1.2202e-006,0.000630406
1.2204e-006,0.000568735
1.2206e-006,0.000359742
1.2208e-006,0.000195289
1.221e-006,0.000243254
1.2212e-006,0.000472804
1.2214e-006,0.000640684
1.2216e-006,0.000589292
1.2218e-006,0.000400856
1.222e-006,0.000256959
1.2222e-006,0.000284368
1.2224e-006,0.000404282
1.2226e-006,0.00047623
1.2228e-006,0.000411134
1.223e-006,0.000274089
1.2232e-006,0.000239828
1.2234e-006,0.000373447
1.2236e-006,0.000548179
1.2238e-006,0.000599571
1.224e-006,0.000472804
1.2242e-006,0.000284368
1.2244e-006,0.000226124
1.2246e-006,0.000370021
1.2248e-006,0.00058244
1.225e-006,0.000647536
1.2252e-006,0.000462526
1.2254e-006,0.000154175
1.2256e-006,2.05567e-005
1.2258e-006,0.000161028
1.226e-006,0.000428265
1.2262e-006,0.000630406
1.2264e-006,0.000609849
1.2266e-006,0.000428265
1.2268e-006,0.000311777
1.227e-006,0.000349464
1.2272e-006,0.000465952
1.2274e-006,0.000493361
1.2276e-006,0.000366595
1.2278e-006,0.000202141
1.228e-006,0.000188436
1.2282e-006,0.000380299
1.2284e-006,0.000616701
1.2286e-006,0.000702354
1.2288e-006,0.000561883
1.229e-006,0.000280942
1.2292e-006,0.000113062
1.2294e-006,0.000198715
1.2296e-006,0.000452248
1.2298e-006,0.000623553
1.23e-006,0.000541327
1.2302e-006,0.00035289
1.2304e-006,0.000253533
1.2306e-006,0.000325481
1.2308e-006,0.000483083
1.231e-006,0.000534474
1.2312e-006,0.000417986
1.2314e-006,0.000260385
1.2316e-006,0.000212419
1.2318e-006,0.000359742
1.232e-006,0.000579014
1.2322e-006,0.000685223
1.2324e-006,0.000558457
1.2326e-006,0.000298072
1.2328e-006,0.000164454
1.233e-006,0.000250107
1.2332e-006,0.000400856
1.2334e-006,0.00047623
1.2336e-006,0.000438543
1.2338e-006,0.000318629
1.234e-006,0.000270663
1.2342e-006,0.000407708
1.2344e-006,0.000599571
1.2346e-006,0.000616701
1.2348e-006,0.000424839
1.235e-006,0.000195289
1.2352e-006,9.59313e-005
1.2354e-006,0.00022955
1.2356e-006,0.000503639
1.2358e-006,0.000671519
1.236e-006,0.000613275
1.2362e-006,0.000431691
1.2364e-006,0.000311777
1.2366e-006,0.000342612
1.2368e-006,0.000462526
1.237e-006,0.00047623
1.2372e-006,0.000318629
1.2374e-006,0.000119914
1.2376e-006,6.50963e-005
1.2378e-006,0.000250107
1.238e-006,0.000548179
1.2382e-006,0.000702354
1.2384e-006,0.000620127
1.2386e-006,0.000380299
1.2388e-006,0.000212419
1.239e-006,0.000280942
1.2392e-006,0.00047623
1.2394e-006,0.000596144
1.2396e-006,0.000524196
1.2398e-006,0.000308351
1.24e-006,0.000164454
1.2402e-006,0.000222698
1.2404e-006,0.000411134
1.2406e-006,0.000555031
1.2408e-006,0.000527622
1.241e-006,0.000366595
1.2412e-006,0.000274089
1.2414e-006,0.000349464
1.2416e-006,0.000493361
1.2418e-006,0.000551605
1.242e-006,0.000448821
1.2422e-006,0.000253533
1.2424e-006,0.000157601
1.2426e-006,0.000298072
1.2428e-006,0.000548179
1.243e-006,0.000671519
1.2432e-006,0.000561883
1.2434e-006,0.000315203
1.2436e-006,0.000154175
1.2438e-006,0.000219272
1.244e-006,0.000441969
1.2442e-006,0.000585866
1.2444e-006,0.000531048
1.2446e-006,0.000370021
1.2448e-006,0.00024668
1.245e-006,0.000311777
1.2452e-006,0.000469378
1.2454e-006,0.000527622
1.2456e-006,0.000417986
1.2458e-006,0.000215845
1.246e-006,0.00012334
1.2462e-006,0.00024668
1.2464e-006,0.000472804
1.2466e-006,0.000596144
1.2468e-006,0.000510492
1.247e-006,0.000322055
1.2472e-006,0.000232976
1.2474e-006,0.000349464
1.2476e-006,0.000565309
1.2478e-006,0.000681797
1.248e-006,0.000606423
1.2482e-006,0.000383725
1.2484e-006,0.000208993
1.2486e-006,0.000239828
1.2488e-006,0.000404282
1.249e-006,0.00047623
1.2492e-006,0.000383725
1.2494e-006,0.000222698
1.2496e-006,0.000140471
1.2498e-006,0.000274089
1.25e-006,0.00052077
1.2502e-006,0.000650962
1.2504e-006,0.000589292
1.2506e-006,0.000394004
1.2508e-006,0.000250107
1.251e-006,0.000301498
1.2512e-006,0.000452248
1.2514e-006,0.000531048
1.2516e-006,0.000448821
1.2518e-006,0.000311777
1.252e-006,0.000270663
1.2522e-006,0.000383725
1.2524e-006,0.000555031
1.2526e-006,0.000609849
1.2528e-006,0.000479656
1.253e-006,0.000274089
1.2532e-006,0.000222698
1.2534e-006,0.000373447
1.2536e-006,0.000548179
1.2538e-006,0.000561883
1.254e-006,0.000387151
1.2542e-006,0.000178158
1.2544e-006,0.00012334
1.2546e-006,0.000318629
1.2548e-006,0.000609849
1.255e-006,0.000757172
1.2552e-006,0.000647536
1.2554e-006,0.000359742
1.2556e-006,0.000154175
1.2558e-006,0.000212419
1.256e-006,0.000390577
1.2562e-006,0.000483083
1.2564e-006,0.000400856
1.2566e-006,0.000232976
1.2568e-006,0.00018501
1.257e-006,0.000315203
1.2572e-006,0.000531048
1.2574e-006,0.00064411
1.2576e-006,0.000555031
1.2578e-006,0.000311777
1.258e-006,0.000157601
1.2582e-006,0.000243254
1.2584e-006,0.000438543
1.2586e-006,0.000544753
1.2588e-006,0.000507065
1.259e-006,0.000380299
1.2592e-006,0.000308351
1.2594e-006,0.000411134
1.2596e-006,0.000561883
1.2598e-006,0.000561883
1.26e-006,0.000373447
1.2602e-006,0.000119914
1.2604e-006,1.71306e-005
1.2606e-006,0.000171306
1.2608e-006,0.000441969
1.261e-006,0.000602997
1.2612e-006,0.000548179
1.2614e-006,0.000373447
1.2616e-006,0.000267237
1.2618e-006,0.000346038
1.262e-006,0.000541327
1.2622e-006,0.000609849
1.2624e-006,0.000465952
1.2626e-006,0.000253533
1.2628e-006,0.000174732
1.263e-006,0.000308351
1.2632e-006,0.000548179
1.2634e-006,0.000637258
1.2636e-006,0.000507065
1.2638e-006,0.000287794
1.264e-006,0.000154175
1.2642e-006,0.000219272
1.2644e-006,0.000435117
1.2646e-006,0.000602997
1.2648e-006,0.000561883
1.265e-006,0.000370021
1.2652e-006,0.000215845
1.2654e-006,0.000267237
1.2656e-006,0.0004591
1.2658e-006,0.000592718
1.266e-006,0.0005379
1.2662e-006,0.00035289
1.2664e-006,0.00024668
1.2666e-006,0.000308351
1.2668e-006,0.0004591
1.267e-006,0.0005379
1.2672e-006,0.000455674
1.2674e-006,0.000280942
1.2676e-006,0.000212419
1.2678e-006,0.000349464
1.268e-006,0.000561883
1.2682e-006,0.000657815
1.2684e-006,0.000507065
1.2686e-006,0.000232976
1.2688e-006,9.25052e-005
1.269e-006,0.000188436
1.2692e-006,0.00041456
1.2694e-006,0.000568735
1.2696e-006,0.000524196
1.2698e-006,0.000373447
1.27e-006,0.000298072
1.2702e-006,0.000387151
1.2704e-006,0.000534474
1.2706e-006,0.000558457
1.2708e-006,0.00041456
1.271e-006,0.000219272
1.2712e-006,0.000161028
1.2714e-006,0.000325481
1.2716e-006,0.000555031
1.2718e-006,0.000626979
1.272e-006,0.000455674
1.2722e-006,0.000171306
1.2724e-006,5.48179e-005
1.2726e-006,0.000202141
1.2728e-006,0.000486509
1.273e-006,0.000671519
1.2732e-006,0.000616701
1.2734e-006,0.000411134
1.2736e-006,0.000236402
1.2738e-006,0.000239828
1.274e-006,0.000376873
1.2742e-006,0.000489935
1.2744e-006,0.000479656
1.2746e-006,0.000390577
1.2748e-006,0.000346038
1.275e-006,0.000428265
1.2752e-006,0.000561883
1.2754e-006,0.000592718
1.2756e-006,0.000438543
1.2758e-006,0.000174732
1.276e-006,6.16701e-005
1.2762e-006,0.000236402
1.2764e-006,0.0005379
1.2766e-006,0.000698928
1.2768e-006,0.000609849
1.277e-006,0.000370021
1.2772e-006,0.000212419
1.2774e-006,0.00024668
1.2776e-006,0.000421412
1.2778e-006,0.000548179
1.278e-006,0.000510492
1.2782e-006,0.000400856
1.2784e-006,0.000328907
1.2786e-006,0.000394004
1.2788e-006,0.000541327
1.279e-006,0.000602997
1.2792e-006,0.000428265
1.2794e-006,0.000143897
1.2796e-006,5.48179e-005
1.2798e-006,0.000236402
1.28e-006,0.000534474
1.2802e-006,0.000678371
1.2804e-006,0.000572162
1.2806e-006,0.00033576
1.2808e-006,0.000188436
1.281e-006,0.000256959
1.2812e-006,0.0004591
1.2814e-006,0.000613275
1.2816e-006,0.000589292
1.2818e-006,0.000424839
1.282e-006,0.000311777
1.2822e-006,0.000376873
1.2824e-006,0.000527622
1.2826e-006,0.000568735
1.2828e-006,0.000380299
1.283e-006,0.000119914
1.2832e-006,2.39829e-005
1.2834e-006,0.000188436
1.2836e-006,0.000486509
1.2838e-006,0.000671519
1.284e-006,0.000592718
1.2842e-006,0.000387151
1.2844e-006,0.000253533
1.2846e-006,0.000322055
1.2848e-006,0.000534474
1.285e-006,0.000647536
1.2852e-006,0.00052077
1.2854e-006,0.000280942
1.2856e-006,0.000161028
1.2858e-006,0.000256959
1.286e-006,0.000465952
1.2862e-006,0.00058244
1.2864e-006,0.000483083
1.2866e-006,0.000267237
1.2868e-006,0.000147323
1.287e-006,0.000260385
1.2872e-006,0.000500213
1.2874e-006,0.000620127
1.2876e-006,0.000510492
1.2878e-006,0.000308351
1.288e-006,0.000243254
1.2882e-006,0.000363168
1.2884e-006,0.000524196
1.2886e-006,0.000606423
1.2888e-006,0.000507065
1.289e-006,0.000270663
1.2892e-006,0.000157601
1.2894e-006,0.000287794
1.2896e-006,0.000507065
1.2898e-006,0.000613275
1.29e-006,0.000500213
1.2902e-006,0.000256959
1.2904e-006,0.000102784
1.2906e-006,0.000191863
1.2908e-006,0.000428265
1.291e-006,0.000579014
1.2912e-006,0.000548179
1.2914e-006,0.000404282
1.2916e-006,0.000308351
1.2918e-006,0.000349464
1.292e-006,0.000469378
1.2922e-006,0.00052077
1.2924e-006,0.000407708
1.2926e-006,0.000236402
1.2928e-006,0.000171306
1.293e-006,0.000322055
1.2932e-006,0.000572162
1.2934e-006,0.000692076
1.2936e-006,0.000589292
1.2938e-006,0.000332333
1.294e-006,0.000126766
1.2942e-006,0.000161028
1.2944e-006,0.000349464
1.2946e-006,0.000513918
1.2948e-006,0.000507065
1.295e-006,0.00033576
1.2952e-006,0.000212419
1.2954e-006,0.000287794
1.2956e-006,0.000479656
1.2958e-006,0.000613275
1.296e-006,0.000575588
1.2962e-006,0.000383725
1.2964e-006,0.000260385
1.2966e-006,0.00033576
1.2968e-006,0.000483083
1.297e-006,0.000507065
1.2972e-006,0.000376873
1.2974e-006,0.000208993
1.2976e-006,0.000191863
1.2978e-006,0.00039743
1.298e-006,0.000620127
1.2982e-006,0.000668093
1.2984e-006,0.000472804
1.2986e-006,0.000157601
1.2988e-006,4.11134e-005
1.299e-006,0.000232976
1.2992e-006,0.000524196
1.2994e-006,0.000716059
1.2996e-006,0.000647536
1.2998e-006,0.000411134
1.3e-006,0.000267237
1.3002e-006,0.000328907
1.3004e-006,0.000465952
1.3006e-006,0.000507065
1.3008e-006,0.000366595
1.301e-006,0.000147323
1.3012e-006,9.93574e-005
1.3014e-006,0.000284368
1.3016e-006,0.000558457
1.3018e-006,0.000695502
1.302e-006,0.000585866
1.3022e-006,0.000325481
1.3024e-006,0.000171306
1.3026e-006,0.000263811
1.3028e-006,0.000479656
1.303e-006,0.000606423
1.3032e-006,0.000548179
1.3034e-006,0.000376873
1.3036e-006,0.000253533
1.3038e-006,0.000311777
1.304e-006,0.000479656
1.3042e-006,0.000531048
1.3044e-006,0.000387151
1.3046e-006,0.000178158
1.3048e-006,0.000130192
1.305e-006,0.000308351
1.3052e-006,0.000589292
1.3054e-006,0.000743467
1.3056e-006,0.000592718
1.3058e-006,0.000260385
1.306e-006,6.50963e-005
1.3062e-006,0.000164454
1.3064e-006,0.000448821
1.3066e-006,0.000671519
1.3068e-006,0.000674945
1.307e-006,0.00047623
1.3072e-006,0.000284368
1.3074e-006,0.000250107
1.3076e-006,0.000332333
1.3078e-006,0.000380299
1.308e-006,0.000318629
1.3082e-006,0.000215845
1.3084e-006,0.000232976
1.3086e-006,0.000441969
1.3088e-006,0.000692076
1.309e-006,0.000753746
1.3092e-006,0.000527622
1.3094e-006,0.000208993
1.3096e-006,7.53746e-005
1.3098e-006,0.000195289
1.31e-006,0.000448821
1.3102e-006,0.000592718
1.3104e-006,0.000496787
1.3106e-006,0.000256959
1.3108e-006,0.000133619
1.311e-006,0.000243254
1.3112e-006,0.000479656
1.3114e-006,0.000630406
1.3116e-006,0.000558457
1.3118e-006,0.000373447
1.312e-006,0.000284368
1.3122e-006,0.000349464
1.3124e-006,0.000496787
1.3126e-006,0.000548179
1.3128e-006,0.000417986
1.313e-006,0.000222698
1.3132e-006,0.000150749
1.3134e-006,0.000294646
1.3136e-006,0.000517344
1.3138e-006,0.000616701
1.314e-006,0.000496787
1.3142e-006,0.000239828
1.3144e-006,0.000137045
1.3146e-006,0.000294646
1.3148e-006,0.000527622
1.315e-006,0.000630406
1.3152e-006,0.000531048
1.3154e-006,0.000339186
1.3156e-006,0.000243254
1.3158e-006,0.000349464
1.316e-006,0.000548179
1.3162e-006,0.000596144
1.3164e-006,0.000435117
1.3166e-006,0.00022955
1.3168e-006,0.000164454
1.317e-006,0.000308351
1.3172e-006,0.000517344
1.3174e-006,0.000592718
1.3176e-006,0.000469378
1.3178e-006,0.00024668
1.318e-006,0.000164454
1.3182e-006,0.000298072
1.3184e-006,0.000503639
1.3186e-006,0.000620127
1.3188e-006,0.000541327
1.319e-006,0.000342612
1.3192e-006,0.000253533
1.3194e-006,0.000349464
1.3196e-006,0.000513918
1.3198e-006,0.000575588
1.32e-006,0.000445395
1.3202e-006,0.000243254
1.3204e-006,0.000164454
1.3206e-006,0.000280942
1.3208e-006,0.00047623
1.321e-006,0.000548179
1.3212e-006,0.000452248
1.3214e-006,0.000267237
1.3216e-006,0.000191863
1.3218e-006,0.000349464
1.322e-006,0.000555031
1.3222e-006,0.000654388
1.3224e-006,0.000558457
1.3226e-006,0.000346038
1.3228e-006,0.000222698
1.323e-006,0.000260385
1.3232e-006,0.000383725
1.3234e-006,0.000445395
1.3236e-006,0.000380299
1.3238e-006,0.000253533
1.324e-006,0.000239828
1.3242e-006,0.000404282
1.3244e-006,0.000630406
1.3246e-006,0.000709206
1.3248e-006,0.000561883
1.325e-006,0.000349464
1.3252e-006,0.000215845
1.3254e-006,0.00029122
1.3256e-006,0.000496787
1.3258e-006,0.000599571
1.326e-006,0.000500213
1.3262e-006,0.000298072
1.3264e-006,0.000188436
1.3266e-006,0.000239828
1.3268e-006,0.000356316
1.327e-006,0.000428265
1.3272e-006,0.000359742
1.3274e-006,0.000256959
1.3276e-006,0.000301498
1.3278e-006,0.000513918
1.328e-006,0.000733189
1.3282e-006,0.000740041
1.3284e-006,0.000524196
1.3286e-006,0.000236402
1.3288e-006,9.93574e-005
1.329e-006,0.000202141
1.3292e-006,0.000390577
1.3294e-006,0.000496787
1.3296e-006,0.000431691
1.3298e-006,0.000263811
1.33e-006,0.00016788
1.3302e-006,0.000253533
1.3304e-006,0.000462526
1.3306e-006,0.000599571
1.3308e-006,0.00052077
1.331e-006,0.000328907
1.3312e-006,0.000236402
1.3314e-006,0.000363168
1.3316e-006,0.000606423
1.3318e-006,0.000719485
1.332e-006,0.00058244
1.3322e-006,0.000308351
1.3324e-006,0.000137045
1.3326e-006,0.000208993
1.3328e-006,0.000421412
1.333e-006,0.0005379
1.3332e-006,0.000424839
1.3334e-006,0.000205567
1.3336e-006,0.000119914
1.3338e-006,0.000304924
1.334e-006,0.000585866
1.3342e-006,0.000709206
1.3344e-006,0.00058244
1.3346e-006,0.00033576
1.3348e-006,0.000191863
1.335e-006,0.000274089
1.3352e-006,0.000500213
1.3354e-006,0.000616701
1.3356e-006,0.000496787
1.3358e-006,0.000256959
1.336e-006,0.000154175
1.3362e-006,0.000311777
1.3364e-006,0.000548179
1.3366e-006,0.000637258
1.3368e-006,0.000510492
1.337e-006,0.000256959
1.3372e-006,0.000126766
1.3374e-006,0.00024668
1.3376e-006,0.000479656
1.3378e-006,0.000616701
1.338e-006,0.000551605
1.3382e-006,0.000339186
1.3384e-006,0.000219272
1.3386e-006,0.000318629
1.3388e-006,0.000503639
1.339e-006,0.000572162
1.3392e-006,0.000465952
1.3394e-006,0.000263811
1.3396e-006,0.00018501
1.3398e-006,0.000308351
1.34e-006,0.000489935
1.3402e-006,0.000541327
1.3404e-006,0.000435117
1.3406e-006,0.000274089
1.3408e-006,0.000239828
1.341e-006,0.000404282
1.3412e-006,0.000592718
1.3414e-006,0.000661241
1.3416e-006,0.000534474
1.3418e-006,0.000284368
1.342e-006,0.000143897
1.3422e-006,0.000232976
1.3424e-006,0.000400856
1.3426e-006,0.0004591
1.3428e-006,0.000366595
1.343e-006,0.000215845
1.3432e-006,0.000195289
1.3434e-006,0.000359742
1.3436e-006,0.000561883
1.3438e-006,0.000654388
1.344e-006,0.000568735
1.3442e-006,0.000383725
1.3444e-006,0.000301498
1.3446e-006,0.000373447
1.3448e-006,0.000479656
1.345e-006,0.000507065
1.3452e-006,0.000373447
1.3454e-006,0.000198715
1.3456e-006,0.000188436
1.3458e-006,0.000366595
1.346e-006,0.000558457
1.3462e-006,0.000568735
1.3464e-006,0.000400856
1.3466e-006,0.000226124
1.3468e-006,0.000212419
1.347e-006,0.000380299
1.3472e-006,0.000561883
1.3474e-006,0.000650962
1.3476e-006,0.000541327
1.3478e-006,0.000322055
1.348e-006,0.000239828
1.3482e-006,0.000356316
1.3484e-006,0.000531048
1.3486e-006,0.00058244
1.3488e-006,0.000428265
1.349e-006,0.000198715
1.3492e-006,0.000119914
1.3494e-006,0.000263811
1.3496e-006,0.000489935
1.3498e-006,0.000599571
1.35e-006,0.000513918
1.3502e-006,0.00033576
1.3504e-006,0.000236402
1.3506e-006,0.000346038
1.3508e-006,0.000541327
1.351e-006,0.000626979
1.3512e-006,0.000517344
1.3514e-006,0.000308351
1.3516e-006,0.000208993
1.3518e-006,0.000301498
1.352e-006,0.000445395
1.3522e-006,0.000496787
1.3524e-006,0.000394004
1.3526e-006,0.000250107
1.3528e-006,0.000236402
1.353e-006,0.000363168
1.3532e-006,0.000524196
1.3534e-006,0.000541327
1.3536e-006,0.000359742
1.3538e-006,0.000164454
1.354e-006,0.000164454
1.3542e-006,0.000366595
1.3544e-006,0.000616701
1.3546e-006,0.000740041
1.3548e-006,0.000630406
1.355e-006,0.000380299
1.3552e-006,0.000215845
1.3554e-006,0.000263811
1.3556e-006,0.000431691
1.3558e-006,0.000493361
1.356e-006,0.000383725
1.3562e-006,0.000215845
1.3564e-006,0.000208993
1.3566e-006,0.000380299
1.3568e-006,0.000548179
1.357e-006,0.000579014
1.3572e-006,0.000421412
1.3574e-006,0.000212419
1.3576e-006,0.000161028
1.3578e-006,0.000328907
1.358e-006,0.000579014
1.3582e-006,0.000685223
1.3584e-006,0.000548179
1.3586e-006,0.000325481
1.3588e-006,0.000222698
1.359e-006,0.000342612
1.3592e-006,0.000544753
1.3594e-006,0.000585866
1.3596e-006,0.000435117
1.3598e-006,0.000236402
1.36e-006,0.000164454
1.3602e-006,0.000284368
1.3604e-006,0.000486509
1.3606e-006,0.000541327
1.3608e-006,0.000411134
1.361e-006,0.000232976
1.3612e-006,0.000154175
1.3614e-006,0.000294646
1.3616e-006,0.000513918
1.3618e-006,0.000585866
1.362e-006,0.000486509
1.3622e-006,0.000339186
1.3624e-006,0.000315203
1.3626e-006,0.000465952
1.3628e-006,0.000640684
1.363e-006,0.000661241
1.3632e-006,0.00047623
1.3634e-006,0.000243254
1.3636e-006,0.000178158
1.3638e-006,0.000298072
1.364e-006,0.000462526
1.3642e-006,0.00047623
1.3644e-006,0.000325481
1.3646e-006,0.000161028
1.3648e-006,0.000147323
1.365e-006,0.00035289
1.3652e-006,0.000602997
1.3654e-006,0.000671519
1.3656e-006,0.00052077
1.3658e-006,0.000325481
1.366e-006,0.000277516
1.3662e-006,0.000407708
1.3664e-006,0.000592718
1.3666e-006,0.000637258
1.3668e-006,0.000496787
1.367e-006,0.000280942
1.3672e-006,0.000174732
1.3674e-006,0.000253533
1.3676e-006,0.000417986
1.3678e-006,0.000483083
1.368e-006,0.000380299
1.3682e-006,0.00022955
1.3684e-006,0.000219272
1.3686e-006,0.000394004
1.3688e-006,0.000599571
1.369e-006,0.000637258
1.3692e-006,0.00047623
1.3694e-006,0.000280942
1.3696e-006,0.000208993
1.3698e-006,0.000332333
1.37e-006,0.000534474
1.3702e-006,0.000626979
1.3704e-006,0.000544753
1.3706e-006,0.000328907
1.3708e-006,0.000188436
1.371e-006,0.000277516
1.3712e-006,0.00047623
1.3714e-006,0.000558457
1.3716e-006,0.000441969
1.3718e-006,0.000243254
1.372e-006,0.000164454
1.3722e-006,0.000274089
1.3724e-006,0.000462526
1.3726e-006,0.000544753
1.3728e-006,0.000452248
1.373e-006,0.000304924
1.3732e-006,0.000287794
1.3734e-006,0.000462526
1.3736e-006,0.000681797
1.3738e-006,0.000726337
1.374e-006,0.000513918
1.3742e-006,0.000222698
1.3744e-006,0.000113062
1.3746e-006,0.000250107
1.3748e-006,0.000469378
1.375e-006,0.000555031
1.3752e-006,0.000441969
1.3754e-006,0.00024668
1.3756e-006,0.000178158
1.3758e-006,0.00033576
1.376e-006,0.000541327
1.3762e-006,0.000602997
1.3764e-006,0.000465952
1.3766e-006,0.000256959
1.3768e-006,0.000226124
1.377e-006,0.000380299
1.3772e-006,0.000561883
1.3774e-006,0.000613275
1.3776e-006,0.000462526
1.3778e-006,0.000256959
1.378e-006,0.000205567
1.3782e-006,0.00035289
1.3784e-006,0.000555031
1.3786e-006,0.000613275
1.3788e-006,0.000483083
1.379e-006,0.000267237
1.3792e-006,0.000174732
1.3794e-006,0.000311777
1.3796e-006,0.000489935
1.3798e-006,0.000503639
1.38e-006,0.000363168
1.3802e-006,0.000188436
1.3804e-006,0.000178158
1.3806e-006,0.000383725
1.3808e-006,0.000640684
1.381e-006,0.000709206
1.3812e-006,0.000548179
1.3814e-006,0.000315203
1.3816e-006,0.000208993
1.3818e-006,0.000308351
1.382e-006,0.000486509
1.3822e-006,0.0005379
1.3824e-006,0.000411134
1.3826e-006,0.000215845
1.3828e-006,0.000181584
1.383e-006,0.00035289
1.3832e-006,0.000568735
1.3834e-006,0.000661241
1.3836e-006,0.000541327
1.3838e-006,0.000322055
1.384e-006,0.000232976
1.3842e-006,0.000325481
1.3844e-006,0.000448821
1.3846e-006,0.000462526
1.3848e-006,0.000339186
1.385e-006,0.000212419
1.3852e-006,0.00022955
1.3854e-006,0.00041456
1.3856e-006,0.000606423
1.3858e-006,0.000630406
1.386e-006,0.000431691
1.3862e-006,0.000178158
1.3864e-006,0.000119914
1.3866e-006,0.000322055
1.3868e-006,0.000579014
1.387e-006,0.000678371
1.3872e-006,0.000551605
1.3874e-006,0.000318629
1.3876e-006,0.000191863
1.3878e-006,0.00022955
1.388e-006,0.000356316
1.3882e-006,0.000421412
1.3884e-006,0.000366595
1.3886e-006,0.000277516
1.3888e-006,0.000274089
1.389e-006,0.000428265
1.3892e-006,0.000589292
1.3894e-006,0.000585866
1.3896e-006,0.000417986
1.3898e-006,0.000239828
1.39e-006,0.000243254
1.3902e-006,0.000428265
1.3904e-006,0.000602997
1.3906e-006,0.000599571
1.3908e-006,0.000404282
1.391e-006,0.000140471
1.3912e-006,5.8244e-005
1.3914e-006,0.000232976
1.3916e-006,0.000486509
1.3918e-006,0.000609849
1.392e-006,0.000541327
1.3922e-006,0.000376873
1.3924e-006,0.000287794
1.3926e-006,0.000387151
1.3928e-006,0.000568735
1.393e-006,0.000637258
1.3932e-006,0.000479656
1.3934e-006,0.000250107
1.3936e-006,0.000154175
1.3938e-006,0.000219272
1.394e-006,0.000359742
1.3942e-006,0.000424839
1.3944e-006,0.000359742
1.3946e-006,0.00029122
1.3948e-006,0.000322055
1.395e-006,0.000500213
1.3952e-006,0.00068865
1.3954e-006,0.000668093
1.3956e-006,0.000441969
1.3958e-006,0.000202141
1.396e-006,0.000140471
1.3962e-006,0.000328907
1.3964e-006,0.000585866
1.3966e-006,0.000661241
1.3968e-006,0.000500213
1.397e-006,0.000232976
1.3972e-006,9.93574e-005
1.3974e-006,0.000205567
1.3976e-006,0.000421412
1.3978e-006,0.000548179
1.398e-006,0.00052077
1.3982e-006,0.000370021
1.3984e-006,0.000308351
1.3986e-006,0.000407708
1.3988e-006,0.000524196
1.399e-006,0.000524196
1.3992e-006,0.000373447
1.3994e-006,0.000212419
1.3996e-006,0.000205567
1.3998e-006,0.000383725
1.4e-006,0.000599571
1.4002e-006,0.000661241
1.4004e-006,0.000496787
1.4006e-006,0.00024668
1.4008e-006,0.000150749
1.401e-006,0.000280942
1.4012e-006,0.000483083
1.4014e-006,0.000561883
1.4016e-006,0.000445395
1.4018e-006,0.000274089
1.402e-006,0.000212419
1.4022e-006,0.000332333
1.4024e-006,0.000503639
1.4026e-006,0.000568735
1.4028e-006,0.00047623
1.403e-006,0.000318629
1.4032e-006,0.000277516
1.4034e-006,0.000387151
1.4036e-006,0.000503639
1.4038e-006,0.000483083
1.404e-006,0.000349464
1.4042e-006,0.000236402
1.4044e-006,0.000256959
1.4046e-006,0.000421412
1.4048e-006,0.000606423
1.405e-006,0.000640684
1.4052e-006,0.000448821
1.4054e-006,0.000226124
1.4056e-006,0.000181584
1.4058e-006,0.000325481
1.406e-006,0.000500213
1.4062e-006,0.000548179
1.4064e-006,0.000441969
1.4066e-006,0.000270663
1.4068e-006,0.000236402
1.407e-006,0.00039743
1.4072e-006,0.000579014
1.4074e-006,0.000609849
1.4076e-006,0.000472804
1.4078e-006,0.000280942
1.408e-006,0.000215845
1.4082e-006,0.000349464
1.4084e-006,0.00052077
1.4086e-006,0.000575588
1.4088e-006,0.000462526
1.409e-006,0.000298072
1.4092e-006,0.000236402
1.4094e-006,0.000318629
1.4096e-006,0.000448821
1.4098e-006,0.000472804
1.41e-006,0.000346038
1.4102e-006,0.000222698
1.4104e-006,0.000253533
1.4106e-006,0.000441969
1.4108e-006,0.000650962
1.411e-006,0.000692076
1.4112e-006,0.000500213
1.4114e-006,0.000267237
1.4116e-006,0.000205567
1.4118e-006,0.000318629
1.412e-006,0.000486509
1.4122e-006,0.000541327
1.4124e-006,0.000431691
1.4126e-006,0.000267237
1.4128e-006,0.000205567
1.413e-006,0.000298072
1.4132e-006,0.000472804
1.4134e-006,0.000534474
1.4136e-006,0.000428265
1.4138e-006,0.000315203
1.414e-006,0.000325481
1.4142e-006,0.00047623
1.4144e-006,0.000620127
1.4146e-006,0.000606423
1.4148e-006,0.000417986
1.415e-006,0.00018501
1.4152e-006,0.000113062
1.4154e-006,0.000256959
1.4156e-006,0.000445395
1.4158e-006,0.000503639
1.416e-006,0.00041456
1.4162e-006,0.000294646
1.4164e-006,0.000287794
1.4166e-006,0.000455674
1.4168e-006,0.000647536
1.417e-006,0.00064411
1.4172e-006,0.000452248
1.4174e-006,0.000219272
1.4176e-006,0.000157601
1.4178e-006,0.000328907
1.418e-006,0.000534474
1.4182e-006,0.000575588
1.4184e-006,0.000472804
1.4186e-006,0.000325481
1.4188e-006,0.000284368
1.419e-006,0.00041456
1.4192e-006,0.000531048
1.4194e-006,0.00052077
1.4196e-006,0.000373447
1.4198e-006,0.000161028
1.42e-006,0.000119914
1.4202e-006,0.000304924
1.4204e-006,0.000507065
1.4206e-006,0.000568735
1.4208e-006,0.000479656
1.421e-006,0.000346038
1.4212e-006,0.00033576
1.4214e-006,0.000489935
1.4216e-006,0.000633832
1.4218e-006,0.000592718
1.422e-006,0.000394004
1.4222e-006,0.000205567
1.4224e-006,0.000157601
1.4226e-006,0.000287794
1.4228e-006,0.000448821
1.423e-006,0.000479656
1.4232e-006,0.00033576
1.4234e-006,0.000171306
1.4236e-006,0.00016788
1.4238e-006,0.000349464
1.424e-006,0.000572162
1.4242e-006,0.000657815
1.4244e-006,0.000568735
1.4246e-006,0.000404282
1.4248e-006,0.000325481
1.425e-006,0.00039743
1.4252e-006,0.000507065
1.4254e-006,0.000527622
1.4256e-006,0.000394004
1.4258e-006,0.000202141
1.426e-006,0.000147323
1.4262e-006,0.000287794
1.4264e-006,0.000472804
1.4266e-006,0.0005379
1.4268e-006,0.000438543
1.427e-006,0.000263811
1.4272e-006,0.000219272
1.4274e-006,0.000373447
1.4276e-006,0.000565309
1.4278e-006,0.000606423
1.428e-006,0.000489935
1.4282e-006,0.000325481
1.4284e-006,0.000280942
1.4286e-006,0.000394004
1.4288e-006,0.000531048
1.429e-006,0.000534474
1.4292e-006,0.000376873
1.4294e-006,0.000195289
1.4296e-006,0.000143897
1.4298e-006,0.000270663
1.43e-006,0.000431691
1.4302e-006,0.000507065
1.4304e-006,0.00047623
1.4306e-006,0.000373447
1.4308e-006,0.000356316
1.431e-006,0.000479656
1.4312e-006,0.000585866
1.4314e-006,0.000551605
1.4316e-006,0.000373447
1.4318e-006,0.000178158
1.432e-006,0.00016788
1.4322e-006,0.000339186
1.4324e-006,0.000544753
1.4326e-006,0.000606423
1.4328e-006,0.000455674
1.433e-006,0.000260385
1.4332e-006,0.000219272
1.4334e-006,0.000346038
1.4336e-006,0.000496787
1.4338e-006,0.000510492
1.434e-006,0.000366595
1.4342e-006,0.000208993
1.4344e-006,0.000205567
1.4346e-006,0.000373447
1.4348e-006,0.000548179
1.435e-006,0.000602997
1.4352e-006,0.000503639
1.4354e-006,0.000342612
1.4356e-006,0.000274089
1.4358e-006,0.000339186
1.436e-006,0.000411134
1.4362e-006,0.000390577
1.4364e-006,0.000284368
1.4366e-006,0.000212419
1.4368e-006,0.000298072
1.437e-006,0.000493361
1.4372e-006,0.000654388
1.4374e-006,0.000633832
1.4376e-006,0.000428265
1.4378e-006,0.000222698
1.438e-006,0.000195289
1.4382e-006,0.000349464
1.4384e-006,0.000524196
1.4386e-006,0.000572162
1.4388e-006,0.000441969
1.439e-006,0.000263811
1.4392e-006,0.00024668
1.4394e-006,0.000387151
1.4396e-006,0.000472804
1.4398e-006,0.000424839
1.44e-006,0.00029122
1.4402e-006,0.000222698
1.4404e-006,0.000342612
1.4406e-006,0.000585866
1.4408e-006,0.000733189
1.441e-006,0.000640684
1.4412e-006,0.000390577
1.4414e-006,0.000147323
1.4416e-006,0.000113062
1.4418e-006,0.000315203
1.442e-006,0.0005379
1.4422e-006,0.000568735
1.4424e-006,0.000404282
1.4426e-006,0.000226124
1.4428e-006,0.000205567
1.443e-006,0.000394004
1.4432e-006,0.000609849
1.4434e-006,0.00064411
1.4436e-006,0.00047623
1.4438e-006,0.000284368
1.444e-006,0.000250107
1.4442e-006,0.000387151
1.4444e-006,0.000503639
1.4446e-006,0.0004591
1.4448e-006,0.000301498
1.445e-006,0.00018501
1.4452e-006,0.000253533
1.4454e-006,0.000472804
1.4456e-006,0.000596144
1.4458e-006,0.000489935
1.446e-006,0.000263811
1.4462e-006,0.000147323
1.4464e-006,0.000280942
1.4466e-006,0.000561883
1.4468e-006,0.00070578
1.447e-006,0.000561883
1.4472e-006,0.000311777
1.4474e-006,0.000161028
1.4476e-006,0.000222698
1.4478e-006,0.000424839
1.448e-006,0.0005379
1.4482e-006,0.000465952
1.4484e-006,0.000325481
1.4486e-006,0.000263811
1.4488e-006,0.000349464
1.449e-006,0.000510492
1.4492e-006,0.000548179
1.4494e-006,0.000428265
1.4496e-006,0.000267237
1.4498e-006,0.000222698
1.45e-006,0.000370021
1.4502e-006,0.000585866
1.4504e-006,0.000668093
1.4506e-006,0.000503639
1.4508e-006,0.000222698
1.451e-006,6.85224e-005
1.4512e-006,0.000198715
1.4514e-006,0.000541327
1.4516e-006,0.000808564
1.4518e-006,0.000774303
1.452e-006,0.000404282
1.4522e-006,-2.74089e-005
1.4524e-006,-0.000147323
1.4526e-006,0.000243254
1.4528e-006,0.00101413
1.453e-006,0.00149036
1.4532e-006,0.000921626
1.4534e-006,-0.000616701
1.4536e-006,-0.00171991
1.4538e-006,-0.000740041
1.454e-006,0.00207623
1.4542e-006,0.00397087
1.4544e-006,0.00216531
1.4546e-006,-0.00239143
1.4548e-006,-0.00492333
1.455e-006,-0.00184325
1.4552e-006,0.00466637
1.4554e-006,0.00781155
1.4556e-006,0.00330963
1.4558e-006,-0.00513575
1.456e-006,-0.00859613
1.4562e-006,-0.00251477
1.4564e-006,0.00749292
1.4566e-006,0.0108916
1.4568e-006,0.00319999
1.457e-006,-0.00844195
1.4572e-006,-0.0115631
1.4574e-006,-0.00190835
1.4576e-006,0.0110081
1.4578e-006,0.013612
1.458e-006,0.00251477
1.4582e-006,-0.0116008
1.4584e-006,-0.0138552
1.4586e-006,-0.00118544
1.4588e-006,0.0135229
1.459e-006,0.0151503
1.4592e-006,0.00170621
1.4594e-006,-0.0136154
1.4596e-006,-0.0148625
1.4598e-006,-0.000315203
1.46e-006,0.0151983
1.4602e-006,0.016089
1.4604e-006,0.00120599
1.4606e-006,-0.014979
1.4608e-006,-0.0159314
1.461e-006,-0.000421412
1.4612e-006,0.0159143
1.4614e-006,0.0169353
1.4616e-006,0.00159657
1.4618e-006,-0.0151846
1.462e-006,-0.0164214
1.4622e-006,-0.000640684
1.4624e-006,0.0162158
1.4626e-006,0.0174252
1.4628e-006,0.00164111
1.463e-006,-0.0158184
1.4632e-006,-0.0172711
1.4634e-006,-0.000863382
1.4636e-006,0.0169559
1.4638e-006,0.0185524
1.464e-006,0.00219614
1.4642e-006,-0.0162741
1.4644e-006,-0.0181961
1.4646e-006,-0.00133619
1.4648e-006,0.017319
1.465e-006,0.0192411
1.4652e-006,0.00236402
1.4654e-006,-0.0168976
1.4656e-006,-0.0189636
1.4658e-006,-0.0013773
1.466e-006,0.0181481
1.4662e-006,0.0201764
1.4664e-006,0.00255588
1.4666e-006,-0.0175417
1.4668e-006,-0.0197447
1.467e-006,-0.00150749
1.4672e-006,0.0186792
1.4674e-006,0.0207588
1.4676e-006,0.00257644
1.4678e-006,-0.0180659
1.468e-006,-0.0201764
1.4682e-006,-0.00137387
1.4684e-006,0.0192445
1.4686e-006,0.0211323
1.4688e-006,0.00232291
1.469e-006,-0.018758
1.4692e-006,-0.02068
1.4694e-006,-0.00122655
1.4696e-006,0.0198681
1.4698e-006,0.0216394
1.47e-006,0.00237087
1.4702e-006,-0.0190012
1.4704e-006,-0.0208068
1.4706e-006,-0.000997
1.4708e-006,0.0202689
1.471e-006,0.0217798
1.4712e-006,0.00198715
1.4714e-006,-0.0196899
1.4716e-006,-0.0212625
1.4718e-006,-0.000949034
1.472e-006,0.0206321
1.4722e-006,0.0220745
1.4724e-006,0.00200085
1.4726e-006,-0.0198406
1.4728e-006,-0.0212899
1.473e-006,-0.000733189
1.4732e-006,0.0209302
1.4734e-006,0.0221978
1.4736e-006,0.00178843
1.4738e-006,-0.0202072
1.474e-006,-0.0214646
1.4742e-006,-0.000558457
1.4744e-006,0.0212762
1.4746e-006,0.0223657
1.4748e-006,0.00168908
1.475e-006,-0.020382
1.4752e-006,-0.0214681
1.4754e-006,-0.000428265
1.4756e-006,0.0212179
1.4758e-006,0.0220573
1.476e-006,0.00142184
1.4762e-006,-0.0202449
1.4764e-006,-0.0209884
1.4766e-006,-5.8244e-005
1.4768e-006,0.02117
1.477e-006,0.0216531
1.4772e-006,0.00101413
1.4774e-006,-0.0203374
1.4776e-006,-0.0207657
1.4778e-006,0.00016788
1.478e-006,0.0211871
1.4782e-006,0.0215811
1.4784e-006,0.00109636
1.4786e-006,-0.020149
1.4788e-006,-0.0207691
1.479e-006,-8.9079e-005
1.4792e-006,0.0209576
1.4794e-006,0.0216565
1.4796e-006,0.00137387
1.4798e-006,-0.0200633
1.48e-006,-0.0210603
1.4802e-006,-0.000496787
1.4804e-006,0.0208788
1.4806e-006,0.0219648
1.4808e-006,0.00167195
1.481e-006,-0.0201558
1.4812e-006,-0.0213892
1.4814e-006,-0.000493361
1.4816e-006,0.0214304
1.4818e-006,0.0226398
1.482e-006,0.00184668
1.4822e-006,-0.0206355
1.4824e-006,-0.0220539
1.4826e-006,-0.000743467
1.4828e-006,0.0217113
1.483e-006,0.0230064
1.4832e-006,0.00180899
1.4834e-006,-0.0210638
1.4836e-006,-0.0223931
1.4838e-006,-0.000613275
1.484e-006,0.022143
1.4842e-006,0.0232873
1.4844e-006,0.00174047
1.4846e-006,-0.0212762
1.4848e-006,-0.0224239
1.485e-006,-0.000376873
1.4852e-006,0.0223486
1.4854e-006,0.023188
1.4856e-006,0.0014424
1.4858e-006,-0.0214098
1.486e-006,-0.0222629
1.4862e-006,-0.000178158
1.4864e-006,0.0223314
1.4866e-006,0.0229173
1.4868e-006,0.00117516
1.487e-006,-0.0214646
1.4872e-006,-0.0221464
1.4874e-006,-0.000150749
1.4876e-006,0.022167
1.4878e-006,0.0228316
1.488e-006,0.00143554
1.4882e-006,-0.0209199
1.4884e-006,-0.0217353
1.4886e-006,-0.000253533
1.4888e-006,0.0216257
1.489e-006,0.0223383
1.4892e-006,0.00137387
1.4894e-006,-0.0206287
1.4896e-006,-0.0214681
1.4898e-006,-0.000239828
1.49e-006,0.021516
1.4902e-006,0.022328
1.4904e-006,0.00153147
1.4906e-006,-0.0204813
1.4908e-006,-0.0215263
1.491e-006,-0.000465952
1.4912e-006,0.0212933
1.4914e-006,0.0222321
1.4916e-006,0.00154861
1.4918e-006,-0.020382
1.492e-006,-0.0214372
1.4922e-006,-0.000400856
1.4924e-006,0.0214235
1.4926e-006,0.0224274
1.4928e-006,0.00173019
1.493e-006,-0.0203443
1.4932e-006,-0.0215537
1.4934e-006,-0.000596144
1.4936e-006,0.0211871
1.4938e-006,0.0221875
1.494e-006,0.00151092
1.4942e-006,-0.0204711
1.4944e-006,-0.0214783
1.4946e-006,-0.000335759
1.4948e-006,0.0215263
1.495e-006,0.0224548
1.4952e-006,0.00163426
1.4954e-006,-0.0204334
1.4956e-006,-0.0215057
1.4958e-006,-0.000445395
1.496e-006,0.0213242
1.4962e-006,0.0222595
1.4964e-006,0.00152805
1.4966e-006,-0.0204676
1.4968e-006,-0.0215023
1.497e-006,-0.000424839
1.4972e-006,0.0213344
1.4974e-006,0.0222115
1.4976e-006,0.00143554
1.4978e-006,-0.0205087
1.498e-006,-0.0214064
1.4982e-006,-0.000161027
1.4984e-006,0.0216805
1.4986e-006,0.0224788
1.4988e-006,0.00149721
1.499e-006,-0.0207143
1.4992e-006,-0.0217833
1.4994e-006,-0.000527622
1.4996e-006,0.0214543
1.4998e-006,0.0224205
1.5e-006,0.00157259
1.5002e-006,-0.0205533
1.5004e-006,-0.0215606
1.5006e-006,-0.000318629
1.5008e-006,0.0215811
1.501e-006,0.0224171
1.5012e-006,0.00148351
1.5014e-006,-0.0206012
1.5016e-006,-0.0215503
1.5018e-006,-0.000280942
1.502e-006,0.0215537
1.5022e-006,0.0222869
1.5024e-006,0.00133276
1.5026e-006,-0.0206732
1.5028e-006,-0.0214989
1.503e-006,-0.000188436
1.5032e-006,0.0216188
1.5034e-006,0.0223314
1.5036e-006,0.00136702
1.5038e-006,-0.0206389
1.504e-006,-0.0215057
1.5042e-006,-0.000253533
1.5044e-006,0.021492
1.5046e-006,0.0222149
1.5048e-006,0.00135674
1.505e-006,-0.0205499
1.5052e-006,-0.0213481
1.5054e-006,-0.000130192
1.5056e-006,0.02154
1.5058e-006,0.0221978
1.506e-006,0.00124711
1.5062e-006,-0.0207143
1.5064e-006,-0.0215366
1.5066e-006,-0.000222698
1.5068e-006,0.0216907
1.507e-006,0.0224822
1.5072e-006,0.00146638
1.5074e-006,-0.0207109
1.5076e-006,-0.0216873
1.5078e-006,-0.000270663
1.508e-006,0.0218038
1.5082e-006,0.0226638
1.5084e-006,0.00155888
1.5086e-006,-0.0208171
1.5088e-006,-0.021886
1.509e-006,-0.000431691
1.5092e-006,0.0217627
1.5094e-006,0.0226364
1.5096e-006,0.00138758
1.5098e-006,-0.0210398
1.51e-006,-0.0219032
1.5102e-006,-0.000126766
1.5104e-006,0.0221396
1.5106e-006,0.0228282
1.5108e-006,0.00132248
1.511e-006,-0.0212591
1.5112e-006,-0.0220642
1.5114e-006,-0.00010621
1.5116e-006,0.0222937
1.5118e-006,0.0229207
1.512e-006,0.00125739
1.5122e-006,-0.0213379
1.5124e-006,-0.0220471
1.5126e-006,-8.22268e-005
1.5128e-006,0.0222321
1.513e-006,0.0227631
1.5132e-006,0.00107923
1.5134e-006,-0.0214167
1.5136e-006,-0.0219751
1.5138e-006,6.16701e-005
1.514e-006,0.0223451
1.5142e-006,0.0228282
1.5144e-006,0.00112719
1.5146e-006,-0.0213584
1.5148e-006,-0.0218929
1.515e-006,0.000174732
1.5152e-006,0.0224239
1.5154e-006,0.0228008
1.5156e-006,0.000997
1.5158e-006,-0.0215743
1.516e-006,-0.0221498
1.5162e-006,-7.19484e-005
1.5164e-006,0.0223314
1.5166e-006,0.0229584
1.5168e-006,0.00132248
1.517e-006,-0.0212248
1.5172e-006,-0.021886
1.5174e-006,6.16701e-005
1.5176e-006,0.0222732
1.5178e-006,0.0227186
1.518e-006,0.000993574
1.5182e-006,-0.0215194
1.5184e-006,-0.0220642
1.5186e-006,6.50963e-005
1.5188e-006,0.0224445
1.519e-006,0.0229173
1.5192e-006,0.00112377
1.5194e-006,-0.0214749
1.5196e-006,-0.0220128
1.5198e-006,0.000171306
1.52e-006,0.022513
1.5202e-006,0.0228796
1.5204e-006,0.000966165
1.5206e-006,-0.0216805
1.5208e-006,-0.0221704
1.521e-006,0.000178158
1.5212e-006,0.0227083
1.5214e-006,0.0231263
1.5216e-006,0.00112719
1.5218e-006,-0.0216599
1.522e-006,-0.0222149
1.5222e-006,5.48179e-005
1.5224e-006,0.0224925
1.5226e-006,0.0228659
1.5228e-006,0.000901069
1.523e-006,-0.0217045
1.5232e-006,-0.0220402
1.5234e-006,0.000404282
1.5236e-006,0.0229139
1.5238e-006,0.0231537
1.524e-006,0.00093533
1.5242e-006,-0.0218929
1.5244e-006,-0.0223554
1.5246e-006,9.25052e-005
1.5248e-006,0.022698
1.525e-006,0.0230886
1.5252e-006,0.00100385
1.5254e-006,-0.0217661
1.5256e-006,-0.022191
1.5258e-006,0.000250107
1.526e-006,0.022746
1.5262e-006,0.023003
1.5264e-006,0.000863382
1.5266e-006,-0.0218723
1.5268e-006,-0.0221601
1.527e-006,0.000431691
1.5272e-006,0.0229242
1.5274e-006,0.023068
1.5276e-006,0.000774303
1.5278e-006,-0.0220025
1.528e-006,-0.0222184
1.5282e-006,0.000448821
1.5284e-006,0.023003
1.5286e-006,0.0231057
1.5288e-006,0.00075032
1.529e-006,-0.0220573
1.5292e-006,-0.0222937
1.5294e-006,0.000359742
1.5296e-006,0.022883
1.5298e-006,0.0229995
1.53e-006,0.000753746
1.5302e-006,-0.0219443
1.5304e-006,-0.0221533
1.5306e-006,0.000472804
1.5308e-006,0.0229481
1.531e-006,0.0230338
1.5312e-006,0.000798285
1.5314e-006,-0.0218586
1.5316e-006,-0.0220471
1.5318e-006,0.000513918
1.532e-006,0.0228659
1.5322e-006,0.0228488
1.5324e-006,0.000548179
1.5326e-006,-0.0220813
1.5328e-006,-0.0221464
1.533e-006,0.000544753
1.5332e-006,0.0230201
1.5334e-006,0.0230886
1.5336e-006,0.000760598
1.5338e-006,-0.0220094
1.534e-006,-0.0222115
1.5342e-006,0.000469378
1.5344e-006,0.0229961
1.5346e-006,0.0230441
1.5348e-006,0.000647536
1.535e-006,-0.0221293
1.5352e-006,-0.0222732
1.5354e-006,0.000486509
1.5356e-006,0.0230749
1.5358e-006,0.0231297
1.536e-006,0.000709206
1.5362e-006,-0.0220573
1.5364e-006,-0.0221533
1.5366e-006,0.000592718
1.5368e-006,0.0230612
1.537e-006,0.0230304
1.5372e-006,0.000551605
1.5374e-006,-0.0222389
1.5376e-006,-0.0222321
1.5378e-006,0.000657815
1.538e-006,0.0232051
1.5382e-006,0.0231092
1.5384e-006,0.0005379
1.5386e-006,-0.0222561
1.5388e-006,-0.0222355
1.539e-006,0.000620127
1.5392e-006,0.0231126
1.5394e-006,0.0229824
1.5396e-006,0.0004591
1.5398e-006,-0.0222389
1.54e-006,-0.0221601
1.5402e-006,0.000716059
1.5404e-006,0.0231708
1.5406e-006,0.0229824
1.5408e-006,0.000428265
1.541e-006,-0.0222629
1.5412e-006,-0.0221293
1.5414e-006,0.00081199
1.5416e-006,0.0232839
1.5418e-006,0.023068
1.542e-006,0.000424839
1.5422e-006,-0.0223828
1.5424e-006,-0.0223074
1.5426e-006,0.000637258
1.5428e-006,0.0231845
1.543e-006,0.0230989
1.5432e-006,0.000572162
1.5434e-006,-0.022167
1.5436e-006,-0.0221396
1.5438e-006,0.000657815
1.544e-006,0.023068
1.5442e-006,0.022883
1.5444e-006,0.000400856
1.5446e-006,-0.0221978
1.5448e-006,-0.0220505
1.545e-006,0.000846251
1.5452e-006,0.023277
1.5454e-006,0.0230098
1.5456e-006,0.000390577
1.5458e-006,-0.0223349
1.546e-006,-0.0222149
1.5462e-006,0.000716059
1.5464e-006,0.0231777
1.5466e-006,0.0229618
1.5468e-006,0.000428265
1.547e-006,-0.0221944
1.5472e-006,-0.0220231
1.5474e-006,0.000887364
1.5476e-006,0.0232394
1.5478e-006,0.0228762
1.548e-006,0.000222698
1.5482e-006,-0.0223931
1.5484e-006,-0.0220745
1.5486e-006,0.000955887
1.5488e-006,0.0233627
1.549e-006,0.0229961
1.5492e-006,0.000284368
1.5494e-006,-0.0224137
1.5496e-006,-0.0221773
1.5498e-006,0.000835973
1.55e-006,0.0232976
1.5502e-006,0.0229995
1.5504e-006,0.000322055
1.5506e-006,-0.0223691
1.5508e-006,-0.0221327
1.551e-006,0.000842825
1.5512e-006,0.0232256
1.5514e-006,0.0228899
1.5516e-006,0.000294646
1.5518e-006,-0.0222663
1.552e-006,-0.0219237
1.5522e-006,0.00107237
1.5524e-006,0.0233524
1.5526e-006,0.0228385
1.5528e-006,6.50963e-005
1.553e-006,-0.0225404
1.5532e-006,-0.0220985
1.5534e-006,0.00103811
1.5536e-006,0.0234141
1.5538e-006,0.022931
1.554e-006,0.000171306
1.5542e-006,-0.0224342
1.5544e-006,-0.0220471
1.5546e-006,0.00101756
1.5548e-006,0.0233421
1.555e-006,0.0228282
1.5552e-006,9.59313e-005
1.5554e-006,-0.0224274
1.5556e-006,-0.021934
1.5558e-006,0.00116831
1.556e-006,0.0234038
1.5562e-006,0.0227871
1.5564e-006,3.06954e-011
1.5566e-006,-0.0225404
1.5568e-006,-0.0220368
1.557e-006,0.00109636
1.5572e-006,0.0233867
1.5574e-006,0.0227974
1.5576e-006,4.11134e-005
1.5578e-006,-0.0224308
1.558e-006,-0.021886
1.5582e-006,0.0012334
1.5584e-006,0.0234415
1.5586e-006,0.0227837
1.5588e-006,-2.05567e-005
1.559e-006,-0.0225233
1.5592e-006,-0.0219614
1.5594e-006,0.00115803
1.5596e-006,0.0234038
1.5598e-006,0.0227905
1.56e-006,1.02784e-005
1.5602e-006,-0.0224239
1.5604e-006,-0.0217867
1.5606e-006,0.00136017
1.5608e-006,0.02351
1.561e-006,0.0227357
1.5612e-006,-0.000147323
1.5614e-006,-0.0226329
1.5616e-006,-0.0219785
1.5618e-006,0.00128137
1.562e-006,0.023582
1.5622e-006,0.0228762
1.5624e-006,-7.88007e-005
1.5626e-006,-0.0226501
1.5628e-006,-0.0220197
1.563e-006,0.00123683
1.5632e-006,0.0235409
1.5634e-006,0.0228556
1.5636e-006,-3.42611e-005
1.5638e-006,-0.0225233
1.564e-006,-0.0219032
1.5642e-006,0.00125739
1.5644e-006,0.0234175
1.5646e-006,0.0226398
1.5648e-006,-0.000236402
1.565e-006,-0.0226398
1.5652e-006,-0.0218586
1.5654e-006,0.00143212
1.5656e-006,0.0236197
1.5658e-006,0.0227665
1.566e-006,-0.000232976
1.5662e-006,-0.0226843
1.5664e-006,-0.0218792
1.5666e-006,0.00141156
1.5668e-006,0.0236059
1.567e-006,0.022794
1.5672e-006,-0.000208993
1.5674e-006,-0.0227323
1.5676e-006,-0.0219614
1.5678e-006,0.00132933
1.568e-006,0.0235306
1.5682e-006,0.0227289
1.5684e-006,-0.000212419
1.5686e-006,-0.0226466
1.5688e-006,-0.0218483
1.569e-006,0.0014424
1.5692e-006,0.0235957
1.5694e-006,0.022746
1.5696e-006,-0.000181584
1.5698e-006,-0.0225987
1.57e-006,-0.0218175
1.5702e-006,0.00144582
1.5704e-006,0.0235477
1.5706e-006,0.0226466
1.5708e-006,-0.000318629
1.571e-006,-0.0227426
1.5712e-006,-0.0219272
1.5714e-006,0.00140471
1.5716e-006,0.0236059
1.5718e-006,0.0227734
1.572e-006,-0.000157601
1.5722e-006,-0.0225439
1.5724e-006,-0.0217319
1.5726e-006,0.00151777
1.5728e-006,0.0236094
1.573e-006,0.0226638
1.5732e-006,-0.000318629
1.5734e-006,-0.0226877
1.5736e-006,-0.0218038
1.5738e-006,0.00150064
1.574e-006,0.0235888
1.5742e-006,0.0225987
1.5744e-006,-0.000452247
1.5746e-006,-0.0228179
1.5748e-006,-0.0218415
1.575e-006,0.00157944
1.5752e-006,0.023719
1.5754e-006,0.0227186
1.5756e-006,-0.000342612
1.5758e-006,-0.0227152
1.576e-006,-0.0217695
1.5762e-006,0.00162398
1.5764e-006,0.0237327
1.5766e-006,0.0226638
1.5768e-006,-0.000452247
1.577e-006,-0.0228248
1.5772e-006,-0.0218004
1.5774e-006,0.00164454
1.5776e-006,0.023695
1.5778e-006,0.0225644
1.578e-006,-0.000534474
1.5782e-006,-0.0228282
1.5784e-006,-0.0217593
1.5786e-006,0.00167537
1.5788e-006,0.0236916
1.579e-006,0.0225439
1.5792e-006,-0.000558457
1.5794e-006,-0.0228111
1.5796e-006,-0.0216462
1.5798e-006,0.0018501
1.58e-006,0.0238389
1.5802e-006,0.0225747
1.5804e-006,-0.000596144
1.5806e-006,-0.0228556
1.5808e-006,-0.0217216
1.581e-006,0.00170963
1.5812e-006,0.0236642
1.5814e-006,0.0224274
1.5816e-006,-0.000671519
1.5818e-006,-0.0228008
1.582e-006,-0.0215537
1.5822e-006,0.00186038
1.5824e-006,0.0236676
1.5826e-006,0.0223349
1.5828e-006,-0.000698928
1.583e-006,-0.0227049
1.5832e-006,-0.0214235
1.5834e-006,0.00187751
1.5836e-006,0.0235683
1.5838e-006,0.02228
1.584e-006,-0.000589292
1.5842e-006,-0.0224616
1.5844e-006,-0.0212454
1.5846e-006,0.00178501
1.5848e-006,0.0231674
1.585e-006,0.0218175
1.5852e-006,-0.000726337
1.5854e-006,-0.0221464
1.5856e-006,-0.0207863
1.5858e-006,0.00193233
1.586e-006,0.0229173
1.5862e-006,0.0214543
1.5864e-006,-0.000736615
1.5866e-006,-0.021588
1.5868e-006,-0.0200633
1.587e-006,0.001994
1.5872e-006,0.0218312
1.5874e-006,0.0199057
1.5876e-006,-0.00112034
1.5878e-006,-0.0197036
1.588e-006,-0.0171203
1.5882e-006,0.00264496
1.5884e-006,0.0180111
1.5886e-006,0.014424
1.5888e-006,-0.0020077
1.589e-006,-0.0133242
1.5892e-006,-0.00940127
1.5894e-006,0.00276488
1.5896e-006,0.00952803
1.5898e-006,0.00607108
1.59e-006,-0.00139786
1.5902e-006,-0.00464924
1.5904e-006,-0.00198372
1.5906e-006,0.00191177
1.5908e-006,0.00264154
1.591e-006,0.000746894
1.5912e-006,-0.000524196
1.5914e-006,5.8244e-005
1.5916e-006,0.000818842
1.5918e-006,0.00016788
1.592e-006,-0.000849677
1.5922e-006,-5.8244e-005
1.5924e-006,0.00228179
1.5926e-006,0.00308693
1.5928e-006,0.000544753
1.593e-006,-0.00301156
1.5932e-006,-0.0034638
1.5934e-006,0.000287794
1.5936e-006,0.00464582
1.5938e-006,0.00491648
1.594e-006,0.000668093
1.5942e-006,-0.00380984
1.5944e-006,-0.00422098
1.5946e-006,-0.000356316
1.5948e-006,0.003988
1.595e-006,0.00484796
1.5952e-006,0.00183982
1.5954e-006,-0.00189807
1.5956e-006,-0.0032137
1.5958e-006,-0.00143897
1.596e-006,0.00155203
1.5962e-006,0.0031349
1.5964e-006,0.00227837
1.5966e-006,3.42612e-005
1.5968e-006,-0.00170963
1.597e-006,-0.0015486
1.5972e-006,0.000325481
1.5974e-006,0.00223725
1.5976e-006,0.00241541
1.5978e-006,0.000592718
1.598e-006,-0.00160342
1.5982e-006,-0.00191177
1.5984e-006,0.000239828
1.5986e-006,0.00282312
1.5988e-006,0.00319657
1.599e-006,0.000781155
1.5992e-006,-0.00220642
1.5994e-006,-0.00278201
1.5996e-006,-0.000181584
1.5998e-006,0.00310406
1.6e-006,0.00374132
1.6002e-006,0.00104497
1.6004e-006,-0.00232976
1.6006e-006,-0.00288822
1.6008e-006,3.42612e-005
1.601e-006,0.00339528
1.6012e-006,0.00364539
1.6014e-006,0.000496787
1.6016e-006,-0.00285396
1.6018e-006,-0.00289164
1.602e-006,0.000568735
1.6022e-006,0.00394346
1.6024e-006,0.00372762
1.6026e-006,0.000150749
1.6028e-006,-0.00316573
1.603e-006,-0.00282655
1.6032e-006,0.000901069
1.6034e-006,0.00415588
1.6036e-006,0.00356659
1.6038e-006,-0.000215845
1.604e-006,-0.00334046
1.6042e-006,-0.0026758
1.6044e-006,0.00114775
1.6046e-006,0.00423125
1.6048e-006,0.00339528
1.605e-006,-0.000421412
1.6052e-006,-0.00336445
1.6054e-006,-0.00249079
1.6056e-006,0.00130878
1.6058e-006,0.00413875
1.606e-006,0.00309378
1.6062e-006,-0.000681797
1.6064e-006,-0.00333361
1.6066e-006,-0.00218929
1.6068e-006,0.00167537
1.607e-006,0.00433746
1.6072e-006,0.00311091
1.6074e-006,-0.00075032
1.6076e-006,-0.00343297
1.6078e-006,-0.0022955
1.608e-006,0.00151092
1.6082e-006,0.00410106
1.6084e-006,0.0029122
1.6086e-006,-0.000726337
1.6088e-006,-0.00309378
1.609e-006,-0.00179186
1.6092e-006,0.00181927
1.6094e-006,0.00395717
1.6096e-006,0.002388
1.6098e-006,-0.00116145
1.61e-006,-0.00299443
1.6102e-006,-0.00134989
1.6104e-006,0.00185353
1.6106e-006,0.00316916
1.6108e-006,0.00150407
1.611e-006,-0.00102441
1.6112e-006,-0.00175417
1.6114e-006,-0.000140471
1.6116e-006,0.00196317
1.6118e-006,0.00231606
1.612e-006,0.000753746
1.6122e-006,-0.000901069
1.6124e-006,-0.00108265
1.6126e-006,0.000174732
1.6128e-006,0.00150064
1.613e-006,0.00157259
1.6132e-006,0.000469378
1.6134e-006,-0.000592718
1.6136e-006,-0.000695502
1.6138e-006,8.22268e-005
1.614e-006,0.00110321
1.6142e-006,0.00158629
1.6144e-006,0.00109636
1.6146e-006,2.05567e-005
1.6148e-006,-0.000822268
1.615e-006,-0.000678371
1.6152e-006,0.000606423
1.6154e-006,0.00206252
1.6156e-006,0.0021379
1.6158e-006,0.000315203
1.616e-006,-0.00183982
1.6162e-006,-0.00200085
1.6164e-006,0.000328907
1.6166e-006,0.00301841
1.6168e-006,0.00325139
1.617e-006,0.0005379
1.6172e-006,-0.00252505
1.6174e-006,-0.00274775
1.6176e-006,0.000284368
1.6178e-006,0.00357687
1.618e-006,0.00372076
1.6182e-006,0.000500213
1.6184e-006,-0.00277173
1.6186e-006,-0.00271006
1.6188e-006,0.000589292
1.619e-006,0.00357687
1.6192e-006,0.00311434
1.6194e-006,-0.00018501
1.6196e-006,-0.00271691
1.6198e-006,-0.00186038
1.62e-006,0.00126424
1.6202e-006,0.00327537
1.6204e-006,0.00227837
1.6206e-006,-0.000339186
1.6208e-006,-0.00181584
1.621e-006,-0.000880512
1.6212e-006,0.00113062
1.6214e-006,0.00200085
1.6216e-006,0.00109978
1.6218e-006,-0.000298072
1.622e-006,-0.000698928
1.6222e-006,3.42612e-005
1.6224e-006,0.000890791
1.6226e-006,0.000993574
1.6228e-006,0.000500213
1.623e-006,0.000150749
1.6232e-006,0.000274089
1.6234e-006,0.000548179
1.6236e-006,0.000524196
1.6238e-006,0.000287794
1.624e-006,0.00024668
1.6242e-006,0.000531048
1.6244e-006,0.000777729
1.6246e-006,0.000534474
1.6248e-006,-1.37044e-005
1.625e-006,-0.00029122
1.6252e-006,5.48179e-005
1.6254e-006,0.000753746
1.6256e-006,0.00108951
1.6258e-006,0.000764024
1.626e-006,0.000143897
1.6262e-006,-0.000140471
1.6264e-006,0.00018501
1.6266e-006,0.000746894
1.6268e-006,0.000976443
1.627e-006,0.000678371
1.6272e-006,0.000133619
1.6274e-006,-0.000181584
1.6276e-006,-4.45395e-005
1.6278e-006,0.000383725
1.628e-006,0.000726337
1.6282e-006,0.000733189
1.6284e-006,0.000469378
1.6286e-006,0.000174732
1.6288e-006,0.000147323
1.629e-006,0.000390577
1.6292e-006,0.000647536
1.6294e-006,0.000668093
1.6296e-006,0.000428265
1.6298e-006,0.000154175
1.63e-006,0.00010621
1.6302e-006,0.000304924
1.6304e-006,0.000555031
1.6306e-006,0.000637258
1.6308e-006,0.000424839
1.631e-006,0.000154175
1.6312e-006,0.000137045
1.6314e-006,0.000400856
1.6316e-006,0.000692076
1.6318e-006,0.00070578
1.632e-006,0.000445395
1.6322e-006,0.000178158
1.6324e-006,0.000178158
1.6326e-006,0.000400856
1.6328e-006,0.000565309
1.633e-006,0.00052077
1.6332e-006,0.000322055
1.6334e-006,0.000191863
1.6336e-006,0.000270663
1.6338e-006,0.000483083
1.634e-006,0.000630406
1.6342e-006,0.000575588
1.6344e-006,0.000346038
1.6346e-006,0.000143897
1.6348e-006,0.00016788
1.635e-006,0.000359742
1.6352e-006,0.000548179
1.6354e-006,0.000606423
1.6356e-006,0.000455674
1.6358e-006,0.000222698
1.636e-006,0.00018501
1.6362e-006,0.000411134
1.6364e-006,0.000661241
1.6366e-006,0.00070578
1.6368e-006,0.000411134
1.637e-006,-3.0835e-005
1.6372e-006,-0.000119914
1.6374e-006,0.000349464
1.6376e-006,0.000938756
1.6378e-006,0.00100385
1.638e-006,0.000465952
1.6382e-006,-0.000150749
1.6384e-006,-0.000195289
1.6386e-006,0.00041456
1.6388e-006,0.00103811
1.639e-006,0.00101413
1.6392e-006,0.000311777
1.6394e-006,-0.00035289
1.6396e-006,-0.000284368
1.6398e-006,0.000486509
1.64e-006,0.00118201
1.6402e-006,0.00108951
1.6404e-006,0.000349464
1.6406e-006,-0.00024668
1.6408e-006,-8.56529e-005
1.641e-006,0.000623553
1.6412e-006,0.00104154
1.6414e-006,0.000681797
1.6416e-006,-3.0835e-005
1.6418e-006,-0.000304924
1.642e-006,0.000140471
1.6422e-006,0.000794859
1.6424e-006,0.000990148
1.6426e-006,0.000589292
1.6428e-006,0.000119914
1.643e-006,4.79657e-005
1.6432e-006,0.000383725
1.6434e-006,0.000685223
1.6436e-006,0.000599571
1.6438e-006,0.000287794
1.644e-006,0.000109636
1.6442e-006,0.000236402
1.6444e-006,0.000503639
1.6446e-006,0.000609849
1.6448e-006,0.000455674
1.645e-006,0.000232976
1.6452e-006,0.000178158
1.6454e-006,0.000308351
1.6456e-006,0.000431691
1.6458e-006,0.00047623
1.646e-006,0.000448821
1.6462e-006,0.000400856
1.6464e-006,0.000363168
1.6466e-006,0.000287794
1.6468e-006,0.00029122
1.647e-006,0.0004591
1.6472e-006,0.000657815
1.6474e-006,0.000674945
1.6476e-006,0.000404282
1.6478e-006,3.76873e-005
1.648e-006,-1.71306e-005
1.6482e-006,0.000315203
1.6484e-006,0.000719485
1.6486e-006,0.000798285
1.6488e-006,0.000438543
1.649e-006,-1.37044e-005
1.6492e-006,-8.9079e-005
1.6494e-006,0.000322055
1.6496e-006,0.000842825
1.6498e-006,0.000918199
1.65e-006,0.000486509
1.6502e-006,3.42615e-006
1.6504e-006,-3.0835e-005
1.6506e-006,0.000431691
1.6508e-006,0.000859955
1.651e-006,0.000788007
1.6512e-006,0.000284368
1.6514e-006,-0.000143897
1.6516e-006,-6.85223e-005
1.6518e-006,0.000407708
1.652e-006,0.000781155
1.6522e-006,0.000753746
1.6524e-006,0.000438543
1.6526e-006,0.000164454
1.6528e-006,0.000232976
1.653e-006,0.0005379
1.6532e-006,0.000695502
1.6534e-006,0.000534474
1.6536e-006,0.000212419
1.6538e-006,-3.42609e-006
1.654e-006,9.59313e-005
1.6542e-006,0.000441969
1.6544e-006,0.000712632
1.6546e-006,0.000695502
1.6548e-006,0.000469378
1.655e-006,0.000253533
1.6552e-006,0.000191863
1.6554e-006,0.000318629
1.6556e-006,0.00047623
1.6558e-006,0.00052077
1.656e-006,0.000469378
1.6562e-006,0.000370021
1.6564e-006,0.000308351
1.6566e-006,0.000342612
1.6568e-006,0.000431691
1.657e-006,0.000486509
1.6572e-006,0.000472804
1.6574e-006,0.000435117
1.6576e-006,0.000407708
1.6578e-006,0.000390577
1.658e-006,0.000349464
1.6582e-006,0.000284368
1.6584e-006,0.000250107
1.6586e-006,0.000267237
1.6588e-006,0.000349464
1.659e-006,0.00052077
1.6592e-006,0.000630406
1.6594e-006,0.000579014
1.6596e-006,0.000411134
1.6598e-006,0.000239828
1.66e-006,0.000263811
1.6602e-006,0.000472804
1.6604e-006,0.000609849
1.6606e-006,0.000469378
1.6608e-006,0.000181584
1.661e-006,4.79657e-005
1.6612e-006,0.000294646
1.6614e-006,0.000726337
1.6616e-006,0.000839399
1.6618e-006,0.000472804
1.662e-006,-3.42611e-005
1.6622e-006,-0.000143897
1.6624e-006,0.000346038
1.6626e-006,0.000986722
1.6628e-006,0.00111006
1.663e-006,0.000517344
1.6632e-006,-0.000232976
1.6634e-006,-0.000349464
1.6636e-006,0.000328907
1.6638e-006,0.00108951
1.664e-006,0.00111006
1.6642e-006,0.000308351
1.6644e-006,-0.000493361
1.6646e-006,-0.000400856
1.6648e-006,0.000596144
1.665e-006,0.00151434
1.6652e-006,0.00136359
1.6654e-006,0.000236402
1.6656e-006,-0.000764024
1.6658e-006,-0.000626979
1.666e-006,0.000551605
1.6662e-006,0.00154861
1.6664e-006,0.00131563
1.6666e-006,0.000109636
1.6668e-006,-0.000801711
1.667e-006,-0.000452247
1.6672e-006,0.000825694
1.6674e-006,0.00170621
1.6676e-006,0.00124368
1.6678e-006,-8.56529e-005
1.668e-006,-0.000931904
1.6682e-006,-0.000424839
1.6684e-006,0.000925052
1.6686e-006,0.00169593
1.6688e-006,0.00105867
1.669e-006,-0.000308351
1.6692e-006,-0.000938756
1.6694e-006,-0.00018501
1.6696e-006,0.00120599
1.6698e-006,0.0018364
1.67e-006,0.00104839
1.6702e-006,-0.000370021
1.6704e-006,-0.000993574
1.6706e-006,-0.00022955
1.6708e-006,0.0011409
1.671e-006,0.00174732
1.6712e-006,0.000945608
1.6714e-006,-0.00041456
1.6716e-006,-0.000952461
1.6718e-006,-0.000133619
1.672e-006,0.00124025
1.6722e-006,0.00179871
1.6724e-006,0.00100043
1.6726e-006,-0.000359742
1.6728e-006,-0.000925052
1.673e-006,-0.000147323
1.6732e-006,0.00116145
1.6734e-006,0.00172676
1.6736e-006,0.000983296
1.6738e-006,-0.000315203
1.674e-006,-0.000849677
1.6742e-006,-0.000147323
1.6744e-006,0.00104839
1.6746e-006,0.00154861
1.6748e-006,0.000832547
1.675e-006,-0.000400856
1.6752e-006,-0.000904495
1.6754e-006,-0.000130192
1.6756e-006,0.00117516
1.6758e-006,0.00175075
1.676e-006,0.00105182
1.6762e-006,-0.000232976
1.6764e-006,-0.000808564
1.6766e-006,-0.000150749
1.6768e-006,0.00106895
1.677e-006,0.00162055
1.6772e-006,0.000931904
1.6774e-006,-0.000301498
1.6776e-006,-0.000835973
1.6778e-006,-0.000147323
1.678e-006,0.00107923
1.6782e-006,0.00158629
1.6784e-006,0.000801711
1.6786e-006,-0.000507065
1.6788e-006,-0.00097987
1.679e-006,-7.88007e-005
1.6792e-006,0.00138073
1.6794e-006,0.00198372
1.6796e-006,0.00112719
1.6798e-006,-0.000339186
1.68e-006,-0.00100043
1.6802e-006,-0.000270663
1.6804e-006,0.00111006
1.6806e-006,0.00174732
1.6808e-006,0.000993574
1.681e-006,-0.000366595
1.6812e-006,-0.000945608
1.6814e-006,-0.000161027
1.6816e-006,0.00118544
1.6818e-006,0.00172334
1.682e-006,0.000890791
1.6822e-006,-0.000455674
1.6824e-006,-0.000925052
1.6826e-006,-3.42611e-005
1.6828e-006,0.00134989
1.683e-006,0.00185696
1.6832e-006,0.000959313
1.6834e-006,-0.000435117
1.6836e-006,-0.000959313
1.6838e-006,-0.00012334
1.684e-006,0.00120599
1.6842e-006,0.0016788
1.6844e-006,0.00081199
1.6846e-006,-0.000496787
1.6848e-006,-0.00093533
1.685e-006,-7.19484e-005
1.6852e-006,0.00128822
1.6854e-006,0.00179186
1.6856e-006,0.000949035
1.6858e-006,-0.000390577
1.686e-006,-0.000907921
1.6862e-006,-0.000140471
1.6864e-006,0.00113747
1.6866e-006,0.0016788
1.6868e-006,0.000938756
1.687e-006,-0.000304924
1.6872e-006,-0.000808564
1.6874e-006,-6.85223e-005
1.6876e-006,0.00119914
1.6878e-006,0.00170621
1.688e-006,0.000904495
1.6882e-006,-0.000431691
1.6884e-006,-0.00101413
1.6886e-006,-0.00024668
1.6888e-006,0.00116145
1.689e-006,0.00180899
1.6892e-006,0.00101413
1.6894e-006,-0.000441969
1.6896e-006,-0.00106552
1.6898e-006,-0.000205567
1.69e-006,0.00131906
1.6902e-006,0.00202484
1.6904e-006,0.00119229
1.6906e-006,-0.000363168
1.6908e-006,-0.00111006
1.691e-006,-0.000325481
1.6912e-006,0.0012197
1.6914e-006,0.00195631
1.6916e-006,0.00112377
1.6918e-006,-0.000472804
1.692e-006,-0.00121285
1.6922e-006,-0.00035289
1.6924e-006,0.00124025
1.6926e-006,0.00196317
1.6928e-006,0.00106895
1.693e-006,-0.000510491
1.6932e-006,-0.0011546
1.6934e-006,-0.000191863
1.6936e-006,0.0014561
1.6938e-006,0.00214818
1.694e-006,0.00114775
1.6942e-006,-0.000524196
1.6944e-006,-0.00117516
1.6946e-006,-0.000208993
1.6948e-006,0.0013773
1.695e-006,0.00192548
1.6952e-006,0.000835973
1.6954e-006,-0.000781155
1.6956e-006,-0.00128822
1.6958e-006,-0.000157601
1.696e-006,0.0015212
1.6962e-006,0.00208308
1.6964e-006,0.000973017
1.6966e-006,-0.000681797
1.6968e-006,-0.00122312
1.697e-006,-0.00012334
1.6972e-006,0.00152462
1.6974e-006,0.00208651
1.6976e-006,0.000997
1.6978e-006,-0.000616701
1.698e-006,-0.00116145
1.6982e-006,-0.000140471
1.6984e-006,0.001391
1.6986e-006,0.00189122
1.6988e-006,0.00082912
1.699e-006,-0.000692076
1.6992e-006,-0.00109293
1.6994e-006,1.71306e-005
1.6996e-006,0.00154175
1.6998e-006,0.00198715
1.7e-006,0.000918199
1.7002e-006,-0.000650962
1.7004e-006,-0.00118886
1.7006e-006,-0.000161027
1.7008e-006,0.00139443
1.701e-006,0.00193918
1.7012e-006,0.000928478
1.7014e-006,-0.000592718
1.7016e-006,-0.00109293
1.7018e-006,-5.13917e-005
1.702e-006,0.00151092
1.7022e-006,0.00201798
1.7024e-006,0.000945608
1.7026e-006,-0.000661241
1.7028e-006,-0.00119229
1.703e-006,-0.000161027
1.7032e-006,0.00136702
1.7034e-006,0.00191177
1.7036e-006,0.000911347
1.7038e-006,-0.000606423
1.704e-006,-0.00111349
1.7042e-006,-0.000102783
1.7044e-006,0.00143212
1.7046e-006,0.0019152
1.7048e-006,0.000846251
1.705e-006,-0.000702354
1.7052e-006,-0.00117858
1.7054e-006,-8.22268e-005
1.7056e-006,0.00154861
1.7058e-006,0.00210706
1.706e-006,0.00100043
1.7062e-006,-0.000668093
1.7064e-006,-0.00124025
1.7066e-006,-0.00018501
1.7068e-006,0.00143212
1.707e-006,0.00201456
1.7072e-006,0.000955887
1.7074e-006,-0.000630406
1.7076e-006,-0.00115118
1.7078e-006,-0.000147323
1.708e-006,0.00141841
1.7082e-006,0.00197687
1.7084e-006,0.000938756
1.7086e-006,-0.000650962
1.7088e-006,-0.00118201
1.709e-006,-8.9079e-005
1.7092e-006,0.00151434
1.7094e-006,0.00201798
1.7096e-006,0.000904495
1.7098e-006,-0.000709206
1.71e-006,-0.00119914
1.7102e-006,-8.9079e-005
1.7104e-006,0.00151434
1.7106e-006,0.00203854
1.7108e-006,0.000983296
1.711e-006,-0.000606423
1.7112e-006,-0.00113404
1.7114e-006,-0.00010621
1.7116e-006,0.00140471
1.7118e-006,0.00185353
1.712e-006,0.000777729
1.7122e-006,-0.000743467
1.7124e-006,-0.00120942
1.7126e-006,-0.000109636
1.7128e-006,0.0015212
1.713e-006,0.00208651
1.7132e-006,0.00102098
1.7134e-006,-0.000579014
1.7136e-006,-0.00108951
1.7138e-006,-4.79656e-005
1.714e-006,0.00144925
1.7142e-006,0.00190835
1.7144e-006,0.000842825
1.7146e-006,-0.000719485
1.7148e-006,-0.00119571
1.715e-006,-0.000116488
1.7152e-006,0.00145267
1.7154e-006,0.00198372
1.7156e-006,0.000918199
1.7158e-006,-0.000657814
1.716e-006,-0.00115118
1.7162e-006,-8.22268e-005
1.7164e-006,0.00149036
1.7166e-006,0.001994
1.7168e-006,0.000907921
1.717e-006,-0.00070578
1.7172e-006,-0.00121627
1.7174e-006,-0.00010621
1.7176e-006,0.00151434
1.7178e-006,0.00203854
1.718e-006,0.000901069
1.7182e-006,-0.000784581
1.7184e-006,-0.00131906
1.7186e-006,-0.000195289
1.7188e-006,0.00148693
1.719e-006,0.00207623
1.7192e-006,0.000997
1.7194e-006,-0.000661241
1.7196e-006,-0.00123683
1.7198e-006,-0.000150749
1.72e-006,0.00150407
1.7202e-006,0.00203511
1.7204e-006,0.000907921
1.7206e-006,-0.000729763
1.7208e-006,-0.00123683
1.721e-006,-9.59313e-005
1.7212e-006,0.00155888
1.7214e-006,0.00206252
1.7216e-006,0.000897643
1.7218e-006,-0.000764024
1.722e-006,-0.00128822
1.7222e-006,-0.000150749
1.7224e-006,0.00152805
1.7226e-006,0.00209336
1.7228e-006,0.000997
1.723e-006,-0.000647536
1.7232e-006,-0.00119571
1.7234e-006,-0.000116488
1.7236e-006,0.00148693
1.7238e-006,0.00202826
1.724e-006,0.000962739
1.7242e-006,-0.00064411
1.7244e-006,-0.00114432
1.7246e-006,-6.50962e-005
1.7248e-006,0.00150407
1.725e-006,0.00198372
1.7252e-006,0.000859955
1.7254e-006,-0.000729763
1.7256e-006,-0.00119229
1.7258e-006,-4.45395e-005
1.726e-006,0.00158629
1.7262e-006,0.00209336
1.7264e-006,0.000966165
1.7266e-006,-0.000702354
1.7268e-006,-0.00127794
1.727e-006,-0.000215845
1.7272e-006,0.0014424
1.7274e-006,0.00202826
1.7276e-006,0.000983296
1.7278e-006,-0.000602997
1.728e-006,-0.00113747
1.7282e-006,-7.53745e-005
1.7284e-006,0.00151092
1.7286e-006,0.00201113
1.7288e-006,0.000877086
1.729e-006,-0.000784581
1.7292e-006,-0.00130192
1.7294e-006,-0.000174732
1.7296e-006,0.0015349
1.7298e-006,0.00214818
1.73e-006,0.00107923
1.7302e-006,-0.000551605
1.7304e-006,-0.00114775
1.7306e-006,-0.000157601
1.7308e-006,0.001391
1.731e-006,0.0019015
1.7312e-006,0.00082912
1.7314e-006,-0.000757172
1.7316e-006,-0.00121627
1.7318e-006,-4.79656e-005
1.732e-006,0.0016
1.7322e-006,0.00211734
1.7324e-006,0.000986722
1.7326e-006,-0.000671519
1.7328e-006,-0.00122655
1.733e-006,-0.000164454
1.7332e-006,0.00144582
1.7334e-006,0.00201113
1.7336e-006,0.000949035
1.7338e-006,-0.000671519
1.734e-006,-0.00121627
1.7342e-006,-0.000113062
1.7344e-006,0.00152462
1.7346e-006,0.00203854
1.7348e-006,0.000894217
1.735e-006,-0.000753746
1.7352e-006,-0.0012197
1.7354e-006,-3.42611e-005
1.7356e-006,0.00162741
1.7358e-006,0.00210021
1.736e-006,0.000863382
1.7362e-006,-0.000863382
1.7364e-006,-0.00138415
1.7366e-006,-0.000202141
1.7368e-006,0.00157259
1.737e-006,0.0022304
1.7372e-006,0.00113747
1.7374e-006,-0.00058244
1.7376e-006,-0.0012334
1.7378e-006,-0.000243254
1.738e-006,0.00130535
1.7382e-006,0.00181927
1.7384e-006,0.000791433
1.7386e-006,-0.000712632
1.7388e-006,-0.00111349
1.739e-006,5.8244e-005
1.7392e-006,0.00166852
1.7394e-006,0.00212762
1.7396e-006,0.000942182
1.7398e-006,-0.000743467
1.74e-006,-0.00127109
1.7402e-006,-0.00012334
1.7404e-006,0.00155546
1.7406e-006,0.00205224
1.7408e-006,0.000839399
1.741e-006,-0.000866808
1.7412e-006,-0.00137387
1.7414e-006,-0.000174732
1.7416e-006,0.00158287
1.7418e-006,0.00218929
1.742e-006,0.00107237
1.7422e-006,-0.000626979
1.7424e-006,-0.00122312
1.7426e-006,-0.000154175
1.7428e-006,0.00149379
1.743e-006,0.00205224
1.7432e-006,0.000928478
1.7434e-006,-0.000746894
1.7436e-006,-0.00127109
1.7438e-006,-0.000143897
1.744e-006,0.00149379
1.7442e-006,0.00198715
1.7444e-006,0.000825694
1.7446e-006,-0.000805138
1.7448e-006,-0.00126081
1.745e-006,-4.45395e-005
1.7452e-006,0.00166852
1.7454e-006,0.00221327
1.7456e-006,0.00104497
1.7458e-006,-0.000702354
1.746e-006,-0.0012985
1.7462e-006,-0.000226124
1.7464e-006,0.00141156
1.7466e-006,0.00193576
1.7468e-006,0.000798285
1.747e-006,-0.000822268
1.7472e-006,-0.00125738
1.7474e-006,-6.8522e-006
1.7476e-006,0.00173362
1.7478e-006,0.0022167
1.748e-006,0.000942182
1.7482e-006,-0.000822268
1.7484e-006,-0.00135674
1.7486e-006,-0.000133619
1.7488e-006,0.00164111
1.749e-006,0.00219957
1.7492e-006,0.00097987
1.7494e-006,-0.000798285
1.7496e-006,-0.00138073
1.7498e-006,-0.000277515
1.75e-006,0.00139443
1.7502e-006,0.00194946
1.7504e-006,0.00082912
1.7506e-006,-0.000760598
1.7508e-006,-0.00116488
1.751e-006,7.53746e-005
1.7512e-006,0.00176445
1.7514e-006,0.00221327
1.7516e-006,0.000976443
1.7518e-006,-0.00076745
1.752e-006,-0.00130878
1.7522e-006,-0.000119914
1.7524e-006,0.00154518
1.7526e-006,0.00200428
1.7528e-006,0.000791433
1.753e-006,-0.000901069
1.7532e-006,-0.001391
1.7534e-006,-0.000191863
1.7536e-006,0.00154518
1.7538e-006,0.0021516
1.754e-006,0.00103126
1.7542e-006,-0.000657814
1.7544e-006,-0.00113404
1.7546e-006,4.11134e-005
1.7548e-006,0.00162398
1.755e-006,0.0020077
1.7552e-006,0.000722911
1.7554e-006,-0.00097987
1.7556e-006,-0.00138758
1.7558e-006,-5.13917e-005
1.756e-006,0.00177815
1.7562e-006,0.00230578
1.7564e-006,0.0010107
1.7566e-006,-0.000808564
1.7568e-006,-0.00136702
1.757e-006,-0.000212419
1.7572e-006,0.00145267
1.7574e-006,0.00198372
1.7576e-006,0.000866808
1.7578e-006,-0.000729763
1.758e-006,-0.00114775
1.7582e-006,3.08351e-005
1.7584e-006,0.00167195
1.7586e-006,0.00213104
1.7588e-006,0.000883938
1.759e-006,-0.00082912
1.7592e-006,-0.00130192
1.7594e-006,-8.56529e-005
1.7596e-006,0.00158629
1.7598e-006,0.00204539
1.76e-006,0.00082912
1.7602e-006,-0.000835973
1.7604e-006,-0.00128479
1.7606e-006,-7.19484e-005
1.7608e-006,0.00161713
1.761e-006,0.00208308
1.7612e-006,0.00082912
1.7614e-006,-0.000883938
1.7616e-006,-0.00134646
1.7618e-006,-8.56529e-005
1.762e-006,0.00167537
1.7622e-006,0.00219957
1.7624e-006,0.000969591
1.7626e-006,-0.000757172
1.7628e-006,-0.00124711
1.763e-006,-4.79656e-005
1.7632e-006,0.00162398
1.7634e-006,0.00209336
1.7636e-006,0.00081199
1.7638e-006,-0.000931904
1.764e-006,-0.00144925
1.7642e-006,-0.000250107
1.7644e-006,0.00153147
1.7646e-006,0.00211734
1.7648e-006,0.000986722
1.765e-006,-0.00064411
1.7652e-006,-0.00112034
1.7654e-006,6.16701e-005
1.7656e-006,0.00172334
1.7658e-006,0.00212419
1.766e-006,0.000794859
1.7662e-006,-0.000973017
1.7664e-006,-0.00147323
1.7666e-006,-0.000215845
1.7668e-006,0.00157601
1.767e-006,0.00217558
1.7672e-006,0.00100728
1.7674e-006,-0.000709206
1.7676e-006,-0.00124368
1.7678e-006,-9.93574e-005
1.768e-006,0.00158287
1.7682e-006,0.00210364
1.7684e-006,0.00093533
1.7686e-006,-0.00075032
1.7688e-006,-0.00126424
1.769e-006,-0.000109636
1.7692e-006,0.00153147
1.7694e-006,0.00200085
1.7696e-006,0.000808564
1.7698e-006,-0.000832546
1.77e-006,-0.00125738
1.7702e-006,-2.74089e-005
1.7704e-006,0.00164454
1.7706e-006,0.00208308
1.7708e-006,0.000832547
1.771e-006,-0.000832546
1.7712e-006,-0.00123683
1.7714e-006,3.08351e-005
1.7716e-006,0.00174732
1.7718e-006,0.00218244
1.772e-006,0.00087366
1.7722e-006,-0.000914773
1.7724e-006,-0.00143554
1.7726e-006,-0.000188436
1.7728e-006,0.00158287
1.773e-006,0.00211391
1.7732e-006,0.000914773
1.7734e-006,-0.000746894
1.7736e-006,-0.00120599
1.7738e-006,-2.05567e-005
1.774e-006,0.0016137
1.7742e-006,0.00204197
1.7744e-006,0.000818842
1.7746e-006,-0.000822268
1.7748e-006,-0.00125053
1.775e-006,-3.0835e-005
1.7752e-006,0.00166167
1.7754e-006,0.00210706
1.7756e-006,0.000856529
1.7758e-006,-0.00081199
1.776e-006,-0.00123683
1.7762e-006,-1.37044e-005
1.7764e-006,0.00160685
1.7766e-006,0.00197002
1.7768e-006,0.000695502
1.777e-006,-0.000921626
1.7772e-006,-0.00126424
1.7774e-006,5.13918e-005
1.7776e-006,0.00177815
1.7778e-006,0.00219614
1.778e-006,0.000883938
1.7782e-006,-0.000842825
1.7784e-006,-0.00128479
1.7786e-006,-2.05567e-005
1.7788e-006,0.00168222
1.779e-006,0.00213447
1.7792e-006,0.00087366
1.7794e-006,-0.000839399
1.7796e-006,-0.00133276
1.7798e-006,-0.000130192
1.78e-006,0.00156916
1.7802e-006,0.00206252
1.7804e-006,0.000880512
1.7806e-006,-0.000770876
1.7808e-006,-0.00122998
1.781e-006,-3.0835e-005
1.7812e-006,0.0016137
1.7814e-006,0.00204539
1.7816e-006,0.000822268
1.7818e-006,-0.000805138
1.782e-006,-0.00117516
1.7822e-006,6.50963e-005
1.7824e-006,0.00168908
1.7826e-006,0.00204197
1.7828e-006,0.000729763
1.783e-006,-0.000959313
1.7832e-006,-0.00136359
1.7834e-006,-6.16701e-005
1.7836e-006,0.0016788
1.7838e-006,0.0021516
1.784e-006,0.000897643
1.7842e-006,-0.000784581
1.7844e-006,-0.00126081
1.7846e-006,-8.9079e-005
1.7848e-006,0.00155888
1.785e-006,0.00199057
1.7852e-006,0.000757172
1.7854e-006,-0.000887364
1.7856e-006,-0.00127794
1.7858e-006,-6.8522e-006
1.786e-006,0.0016925
1.7862e-006,0.00214818
1.7864e-006,0.000887364
1.7866e-006,-0.000801711
1.7868e-006,-0.00120257
1.787e-006,5.8244e-005
1.7872e-006,0.00170621
1.7874e-006,0.00205567
1.7876e-006,0.000722911
1.7878e-006,-0.000962739
1.788e-006,-0.00133961
1.7882e-006,-3.0835e-005
1.7884e-006,0.00168908
1.7886e-006,0.00210021
1.7888e-006,0.000784581
1.789e-006,-0.00093533
1.7892e-006,-0.00132591
1.7894e-006,1.02784e-005
1.7896e-006,0.00178843
1.7898e-006,0.00226809
1.79e-006,0.00100043
1.7902e-006,-0.000719485
1.7904e-006,-0.00119571
1.7906e-006,-2.74089e-005
1.7908e-006,0.0015349
1.791e-006,0.00188779
1.7912e-006,0.000633832
1.7914e-006,-0.000966165
1.7916e-006,-0.00124368
1.7918e-006,0.00012334
1.792e-006,0.00180899
1.7922e-006,0.0021516
1.7924e-006,0.000808564
1.7926e-006,-0.000907921
1.7928e-006,-0.00128479
1.793e-006,6.85227e-006
1.7932e-006,0.00166167
1.7934e-006,0.00207965
1.7936e-006,0.000863382
1.7938e-006,-0.000695502
1.794e-006,-0.00102441
1.7942e-006,0.000109636
1.7944e-006,0.00144925
1.7946e-006,0.0015349
1.7948e-006,0.000311777
1.795e-006,-0.000825694
1.7952e-006,-0.000623553
1.7954e-006,0.000623553
1.7956e-006,0.00154175
1.7958e-006,0.00122655
1.796e-006,0.000147323
1.7962e-006,-0.000431691
1.7964e-006,4.11134e-005
1.7966e-006,0.000894217
1.7968e-006,0.00109978
1.797e-006,0.000438543
1.7972e-006,-0.000274089
1.7974e-006,-0.000236402
1.7976e-006,0.000510492
1.7978e-006,0.00110664
1.798e-006,0.000863382
1.7982e-006,8.22268e-005
1.7984e-006,-0.000366595
1.7986e-006,-3.42609e-006
1.7988e-006,0.000781155
1.799e-006,0.00111349
1.7992e-006,0.000695502
1.7994e-006,5.8244e-005
1.7996e-006,-0.000147323
1.7998e-006,0.000280942
1.8e-006,0.000846251
1.8002e-006,0.000907921
1.8004e-006,0.000424839
1.8006e-006,-3.76873e-005
1.8008e-006,-2.05567e-005
1.801e-006,0.000411134
1.8012e-006,0.00075032
1.8014e-006,0.000616701
1.8016e-006,0.000226124
1.8018e-006,5.8244e-005
1.802e-006,0.000301498
1.8022e-006,0.000678371
1.8024e-006,0.000743467
1.8026e-006,0.000380299
1.8028e-006,1.37045e-005
1.803e-006,2.39829e-005
1.8032e-006,0.000359742
1.8034e-006,0.00070578
1.8036e-006,0.000736615
1.8038e-006,0.000472804
1.804e-006,0.000236402
1.8042e-006,0.000260385
1.8044e-006,0.000435117
1.8046e-006,0.000462526
1.8048e-006,0.000308351
1.805e-006,0.000174732
1.8052e-006,0.000212419
1.8054e-006,0.000465952
1.8056e-006,0.000692076
1.8058e-006,0.000654388
1.806e-006,0.000383725
1.8062e-006,0.000150749
1.8064e-006,0.000178158
1.8066e-006,0.000407708
1.8068e-006,0.000609849
1.807e-006,0.00058244
1.8072e-006,0.00039743
1.8074e-006,0.000267237
1.8076e-006,0.00033576
1.8078e-006,0.000531048
1.808e-006,0.000609849
1.8082e-006,0.000472804
1.8084e-006,0.000253533
1.8086e-006,0.000150749
1.8088e-006,0.00024668
1.809e-006,0.000441969
1.8092e-006,0.0005379
1.8094e-006,0.000462526
1.8096e-006,0.000315203
1.8098e-006,0.000270663
1.81e-006,0.000383725
1.8102e-006,0.000548179
1.8104e-006,0.00058244
1.8106e-006,0.000428265
1.8108e-006,0.000243254
1.811e-006,0.000178158
1.8112e-006,0.000346038
1.8114e-006,0.000572162
1.8116e-006,0.000626979
1.8118e-006,0.000493361
1.812e-006,0.000263811
1.8122e-006,0.000137045
1.8124e-006,0.000205567
1.8126e-006,0.000356316
1.8128e-006,0.0004591
1.813e-006,0.000448821
1.8132e-006,0.000387151
1.8134e-006,0.000411134
1.8136e-006,0.00052077
1.8138e-006,0.000592718
1.814e-006,0.000568735
1.8142e-006,0.000472804
1.8144e-006,0.000342612
1.8146e-006,0.000267237
1.8148e-006,0.000298072
1.815e-006,0.000370021
1.8152e-006,0.00041456
1.8154e-006,0.000349464
1.8156e-006,0.000260385
1.8158e-006,0.000304924
1.816e-006,0.000489935
1.8162e-006,0.000698928
1.8164e-006,0.000722911
1.8166e-006,0.000500213
1.8168e-006,0.000215845
1.817e-006,9.59313e-005
1.8172e-006,0.000222698
1.8174e-006,0.000448821
1.8176e-006,0.000548179
1.8178e-006,0.000455674
1.818e-006,0.000301498
1.8182e-006,0.000260385
1.8184e-006,0.000407708
1.8186e-006,0.000589292
1.8188e-006,0.000555031
1.819e-006,0.000308351
1.8192e-006,8.90791e-005
1.8194e-006,0.000133619
1.8196e-006,0.000441969
1.8198e-006,0.000698928
1.82e-006,0.000650962
1.8202e-006,0.000373447
1.8204e-006,0.00016788
1.8206e-006,0.000239828
1.8208e-006,0.00047623
1.821e-006,0.000613275
1.8212e-006,0.000496787
1.8214e-006,0.000232976
1.8216e-006,0.00010621
1.8218e-006,0.000208993
1.822e-006,0.000407708
1.8222e-006,0.000551605
1.8224e-006,0.000568735
1.8226e-006,0.000507065
1.8228e-006,0.000469378
1.823e-006,0.000428265
1.8232e-006,0.000359742
1.8234e-006,0.000294646
1.8236e-006,0.000298072
1.8238e-006,0.000441969
1.824e-006,0.000572162
1.8242e-006,0.000493361
1.8244e-006,0.000253533
1.8246e-006,0.000116488
1.8248e-006,0.000270663
1.825e-006,0.000572162
1.8252e-006,0.000760598
1.8254e-006,0.000616701
1.8256e-006,0.000263811
1.8258e-006,0.000119914
1.826e-006,0.000325481
1.8262e-006,0.00064411
1.8264e-006,0.000661241
1.8266e-006,0.000315203
1.8268e-006,-1.02783e-005
1.827e-006,6.85227e-006
1.8272e-006,0.000370021
1.8274e-006,0.000733189
1.8276e-006,0.000702354
1.8278e-006,0.000346038
1.828e-006,0.000119914
1.8282e-006,0.000270663
1.8284e-006,0.00064411
1.8286e-006,0.000832547
1.8288e-006,0.000561883
1.829e-006,0.000102784
1.8292e-006,-6.50962e-005
1.8294e-006,0.00022955
1.8296e-006,0.000668093
1.8298e-006,0.000815416
1.83e-006,0.000548179
1.8302e-006,0.000147323
1.8304e-006,1.02784e-005
1.8306e-006,0.000243254
1.8308e-006,0.000572162
1.831e-006,0.000623553
1.8312e-006,0.000356316
1.8314e-006,9.25052e-005
1.8316e-006,0.00018501
1.8318e-006,0.000592718
1.832e-006,0.000904495
1.8322e-006,0.000801711
1.8324e-006,0.000325481
1.8326e-006,-0.00010621
1.8328e-006,-0.000109636
1.833e-006,0.000270663
1.8332e-006,0.000681797
1.8334e-006,0.000777729
1.8336e-006,0.000555031
1.8338e-006,0.000284368
1.834e-006,0.000267237
1.8342e-006,0.0004591
1.8344e-006,0.000555031
1.8346e-006,0.00041456
1.8348e-006,0.000137045
1.835e-006,6.85227e-006
1.8352e-006,0.000191863
1.8354e-006,0.000555031
1.8356e-006,0.000815416
1.8358e-006,0.000733189
1.836e-006,0.000387151
1.8362e-006,0.00012334
1.8364e-006,0.00018501
1.8366e-006,0.000465952
1.8368e-006,0.000664667
1.837e-006,0.000606423
1.8372e-006,0.000380299
1.8374e-006,0.000178158
1.8376e-006,0.000208993
1.8378e-006,0.000428265
1.838e-006,0.000555031
1.8382e-006,0.000493361
1.8384e-006,0.000301498
1.8386e-006,0.000157601
1.8388e-006,0.000239828
1.839e-006,0.000469378
1.8392e-006,0.000626979
1.8394e-006,0.000555031
1.8396e-006,0.000339186
1.8398e-006,0.000191863
1.84e-006,0.000270663
1.8402e-006,0.000517344
1.8404e-006,0.000716059
1.8406e-006,0.00070578
1.8408e-006,0.000486509
1.841e-006,0.000219272
1.8412e-006,0.000130192
1.8414e-006,0.000253533
1.8416e-006,0.000404282
1.8418e-006,0.00039743
1.842e-006,0.000250107
1.8422e-006,0.000140471
1.8424e-006,0.000250107
1.8426e-006,0.000544753
1.8428e-006,0.000777729
1.843e-006,0.000764024
1.8432e-006,0.000534474
1.8434e-006,0.000270663
1.8436e-006,0.000178158
1.8438e-006,0.000325481
1.844e-006,0.00052077
1.8442e-006,0.000541327
1.8444e-006,0.000407708
1.8446e-006,0.000280942
1.8448e-006,0.000318629
1.845e-006,0.000496787
1.8452e-006,0.00058244
1.8454e-006,0.000448821
1.8456e-006,0.000188436
1.8458e-006,2.39829e-005
1.846e-006,0.00016788
1.8462e-006,0.000496787
1.8464e-006,0.00070578
1.8466e-006,0.000654388
1.8468e-006,0.000407708
1.847e-006,0.00022955
1.8472e-006,0.000284368
1.8474e-006,0.000472804
1.8476e-006,0.000561883
1.8478e-006,0.000445395
1.848e-006,0.000267237
1.8482e-006,0.000198715
1.8484e-006,0.000332333
1.8486e-006,0.000555031
1.8488e-006,0.000647536
1.849e-006,0.000527622
1.8492e-006,0.000287794
1.8494e-006,0.000119914
1.8496e-006,0.000157601
1.8498e-006,0.000342612
1.85e-006,0.000513918
1.8502e-006,0.000527622
1.8504e-006,0.000407708
1.8506e-006,0.000308351
1.8508e-006,0.000322055
1.851e-006,0.000455674
1.8512e-006,0.000599571
1.8514e-006,0.000606423
1.8516e-006,0.000448821
1.8518e-006,0.000260385
1.852e-006,0.00018501
1.8522e-006,0.000274089
1.8524e-006,0.000455674
1.8526e-006,0.000551605
1.8528e-006,0.000493361
1.853e-006,0.000366595
1.8532e-006,0.000277516
1.8534e-006,0.000287794
1.8536e-006,0.000342612
1.8538e-006,0.000349464
1.854e-006,0.000318629
1.8542e-006,0.000328907
1.8544e-006,0.000431691
1.8546e-006,0.000602997
1.8548e-006,0.000674945
1.855e-006,0.000544753
1.8552e-006,0.000298072
1.8554e-006,0.00010621
1.8556e-006,0.000143897
1.8558e-006,0.00041456
1.856e-006,0.000650962
1.8562e-006,0.000657815
1.8564e-006,0.000465952
1.8566e-006,0.000239828
1.8568e-006,0.000205567
1.857e-006,0.000387151
1.8572e-006,0.000534474
1.8574e-006,0.000510492
1.8576e-006,0.000349464
1.8578e-006,0.000198715
1.858e-006,0.000243254
1.8582e-006,0.000428265
1.8584e-006,0.000579014
1.8586e-006,0.000589292
1.8588e-006,0.000462526
1.859e-006,0.000346038
1.8592e-006,0.00039743
1.8594e-006,0.000565309
1.8596e-006,0.000633832
1.8598e-006,0.000510492
1.86e-006,0.000253533
1.8602e-006,5.13918e-005
1.8604e-006,8.22268e-005
1.8606e-006,0.000315203
1.8608e-006,0.000558457
1.861e-006,0.000606423
1.8612e-006,0.000431691
1.8614e-006,0.000236402
1.8616e-006,0.000250107
1.8618e-006,0.000448821
1.862e-006,0.000616701
1.8622e-006,0.000626979
1.8624e-006,0.000489935
1.8626e-006,0.000311777
1.8628e-006,0.000287794
1.863e-006,0.000421412
1.8632e-006,0.000517344
1.8634e-006,0.000452248
1.8636e-006,0.000260385
1.8638e-006,0.000133619
1.864e-006,0.000236402
1.8642e-006,0.000496787
1.8644e-006,0.000671519
1.8646e-006,0.000579014
1.8648e-006,0.000311777
1.865e-006,0.00012334
1.8652e-006,0.000178158
1.8654e-006,0.00041456
1.8656e-006,0.000609849
1.8658e-006,0.000579014
1.866e-006,0.000404282
1.8662e-006,0.000274089
1.8664e-006,0.00033576
1.8666e-006,0.000561883
1.8668e-006,0.000698928
1.867e-006,0.000592718
1.8672e-006,0.000315203
1.8674e-006,9.25052e-005
1.8676e-006,0.000157601
1.8678e-006,0.000435117
1.868e-006,0.000613275
1.8682e-006,0.000513918
1.8684e-006,0.000250107
1.8686e-006,8.5653e-005
1.8688e-006,0.000222698
1.869e-006,0.00058244
1.8692e-006,0.000818842
1.8694e-006,0.000729763
1.8696e-006,0.000404282
1.8698e-006,0.000119914
1.87e-006,0.000154175
1.8702e-006,0.000452248
1.8704e-006,0.000661241
1.8706e-006,0.000572162
1.8708e-006,0.000280942
1.871e-006,9.25052e-005
1.8712e-006,0.000205567
1.8714e-006,0.000510492
1.8716e-006,0.000657815
1.8718e-006,0.000479656
1.872e-006,0.000161028
1.8722e-006,1.71306e-005
1.8724e-006,0.000219272
1.8726e-006,0.000616701
1.8728e-006,0.000825694
1.873e-006,0.000654388
1.8732e-006,0.000328907
1.8734e-006,0.000181584
1.8736e-006,0.000370021
1.8738e-006,0.000695502
1.874e-006,0.00075032
1.8742e-006,0.000438543
1.8744e-006,3.76873e-005
1.8746e-006,-0.000140471
1.8748e-006,8.5653e-005
1.875e-006,0.00052077
1.8752e-006,0.000784581
1.8754e-006,0.000668093
1.8756e-006,0.000325481
1.8758e-006,0.000126766
1.876e-006,0.000263811
1.8762e-006,0.000572162
1.8764e-006,0.000702354
1.8766e-006,0.000510492
1.8768e-006,0.00018501
1.877e-006,5.48179e-005
1.8772e-006,0.000280942
1.8774e-006,0.000637258
1.8776e-006,0.000784581
1.8778e-006,0.000585866
1.878e-006,0.000198715
1.8782e-006,-3.42611e-005
1.8784e-006,7.19485e-005
1.8786e-006,0.00039743
1.8788e-006,0.000626979
1.879e-006,0.000551605
1.8792e-006,0.000274089
1.8794e-006,0.000137045
1.8796e-006,0.00029122
1.8798e-006,0.000596144
1.88e-006,0.000760598
1.8802e-006,0.000585866
1.8804e-006,0.000277516
1.8806e-006,0.00016788
1.8808e-006,0.000359742
1.881e-006,0.000661241
1.8812e-006,0.000746894
1.8814e-006,0.000472804
1.8816e-006,5.8244e-005
1.8818e-006,-0.000116488
1.882e-006,8.90791e-005
1.8822e-006,0.000503639
1.8824e-006,0.000746894
1.8826e-006,0.000596144
1.8828e-006,0.000253533
1.883e-006,8.22268e-005
1.8832e-006,0.000274089
1.8834e-006,0.000674945
1.8836e-006,0.000863382
1.8838e-006,0.000671519
1.884e-006,0.00024668
1.8842e-006,-5.48178e-005
1.8844e-006,4.45396e-005
1.8846e-006,0.000431691
1.8848e-006,0.000753746
1.885e-006,0.000740041
1.8852e-006,0.000407708
1.8854e-006,6.85224e-005
1.8856e-006,6.50963e-005
1.8858e-006,0.000376873
1.886e-006,0.000685223
1.8862e-006,0.000692076
1.8864e-006,0.000363168
1.8866e-006,-2.05567e-005
1.8868e-006,-7.53745e-005
1.887e-006,0.000308351
1.8872e-006,0.000846251
1.8874e-006,0.00109636
1.8876e-006,0.000808564
1.8878e-006,0.00016788
1.888e-006,-0.000284368
1.8882e-006,-8.56529e-005
1.8884e-006,0.000623553
1.8886e-006,0.00113404
1.8888e-006,0.000863382
1.889e-006,1.71306e-005
1.8892e-006,-0.000589292
1.8894e-006,-0.000287794
1.8896e-006,0.000733189
1.8898e-006,0.00153147
1.89e-006,0.00125053
1.8902e-006,0.000113062
1.8904e-006,-0.000729763
1.8906e-006,-0.000417986
1.8908e-006,0.000781155
1.891e-006,0.00166509
1.8912e-006,0.00126424
1.8914e-006,-6.85223e-005
1.8916e-006,-0.000942182
1.8918e-006,-0.000428265
1.892e-006,0.000976443
1.8922e-006,0.00185353
1.8924e-006,0.00128479
1.8926e-006,-0.000243254
1.8928e-006,-0.00118544
1.893e-006,-0.0005379
1.8932e-006,0.00107923
1.8934e-006,0.00203854
1.8936e-006,0.00132248
1.8938e-006,-0.000366595
1.894e-006,-0.0012985
1.8942e-006,-0.000548179
1.8944e-006,0.00114775
1.8946e-006,0.00211049
1.8948e-006,0.00136359
1.895e-006,-0.000359742
1.8952e-006,-0.00128822
1.8954e-006,-0.000462526
1.8956e-006,0.00125053
1.8958e-006,0.00210021
1.896e-006,0.00121285
1.8962e-006,-0.000551605
1.8964e-006,-0.00141499
1.8966e-006,-0.000489935
1.8968e-006,0.00130535
1.897e-006,0.00217901
1.8972e-006,0.00126766
1.8974e-006,-0.000510491
1.8976e-006,-0.0013773
1.8978e-006,-0.000448821
1.898e-006,0.00136702
1.8982e-006,0.00222012
1.8984e-006,0.00125053
1.8986e-006,-0.000575588
1.8988e-006,-0.00144925
1.899e-006,-0.000483083
1.8992e-006,0.00135674
1.8994e-006,0.00224068
1.8996e-006,0.00129507
1.8998e-006,-0.000513918
1.9e-006,-0.00135332
1.9002e-006,-0.000387151
1.9004e-006,0.00137045
1.9006e-006,0.00214818
1.9008e-006,0.00118544
1.901e-006,-0.000572162
1.9012e-006,-0.00136702
1.9014e-006,-0.000366595
1.9016e-006,0.00140813
1.9018e-006,0.00215503
1.902e-006,0.00111349
1.9022e-006,-0.000674945
1.9024e-006,-0.00140813
1.9026e-006,-0.000308351
1.9028e-006,0.00158287
1.903e-006,0.00240171
1.9032e-006,0.00130192
1.9034e-006,-0.000633832
1.9036e-006,-0.00151092
1.9038e-006,-0.000486509
1.904e-006,0.00138073
1.9042e-006,0.00220985
1.9044e-006,0.00117516
1.9046e-006,-0.000692076
1.9048e-006,-0.00148693
1.905e-006,-0.000404282
1.9052e-006,0.0014698
1.9054e-006,0.00228522
1.9056e-006,0.0012334
1.9058e-006,-0.000606423
1.906e-006,-0.00139786
1.9062e-006,-0.000342612
1.9064e-006,0.00151777
1.9066e-006,0.00227494
1.9068e-006,0.00117516
1.907e-006,-0.000681797
1.9072e-006,-0.00145953
1.9074e-006,-0.000356316
1.9076e-006,0.0015349
1.9078e-006,0.00234346
1.908e-006,0.00124025
1.9082e-006,-0.00070578
1.9084e-006,-0.0015486
1.9086e-006,-0.000534474
1.9088e-006,0.00130535
1.909e-006,0.00218244
1.9092e-006,0.0012334
1.9094e-006,-0.000517344
1.9096e-006,-0.00124711
1.9098e-006,-0.000215845
1.91e-006,0.0015212
1.9102e-006,0.00218244
1.9104e-006,0.00107237
1.9106e-006,-0.000736615
1.9108e-006,-0.00142526
1.911e-006,-0.000267237
1.9112e-006,0.00158287
1.9114e-006,0.00227152
1.9116e-006,0.00110321
1.9118e-006,-0.000753746
1.912e-006,-0.00147323
1.9122e-006,-0.000363168
1.9124e-006,0.00147666
1.9126e-006,0.0022167
1.9128e-006,0.00113404
1.913e-006,-0.000695502
1.9132e-006,-0.00145953
1.9134e-006,-0.000356316
1.9136e-006,0.0015212
1.9138e-006,0.00234346
1.914e-006,0.00132248
1.9142e-006,-0.000544753
1.9144e-006,-0.00138758
1.9146e-006,-0.000404282
1.9148e-006,0.00140471
1.915e-006,0.00221327
1.9152e-006,0.00118886
1.9154e-006,-0.00064411
1.9156e-006,-0.00143897
1.9158e-006,-0.000390577
1.916e-006,0.00142526
1.9162e-006,0.00222355
1.9164e-006,0.00118201
1.9166e-006,-0.000709206
1.9168e-006,-0.00155546
1.917e-006,-0.000455674
1.9172e-006,0.00152805
1.9174e-006,0.00244282
1.9176e-006,0.00138758
1.9178e-006,-0.000575588
1.918e-006,-0.00151434
1.9182e-006,-0.000513918
1.9184e-006,0.00139443
1.9186e-006,0.00226809
1.9188e-006,0.00124368
1.919e-006,-0.000654388
1.9192e-006,-0.00150749
1.9194e-006,-0.000479656
1.9196e-006,0.00138758
1.9198e-006,0.00224068
1.92e-006,0.00123683
1.9202e-006,-0.000620127
1.9204e-006,-0.00139786
1.9206e-006,-0.000332333
1.9208e-006,0.00148351
1.921e-006,0.00225781
1.9212e-006,0.00118544
1.9214e-006,-0.000647536
1.9216e-006,-0.00140471
1.9218e-006,-0.000342612
1.922e-006,0.00150064
1.9222e-006,0.00224753
1.9224e-006,0.00115118
1.9226e-006,-0.000685223
1.9228e-006,-0.00142869
1.923e-006,-0.00035289
1.9232e-006,0.0014561
1.9234e-006,0.00218929
1.9236e-006,0.00109978
1.9238e-006,-0.000695502
1.924e-006,-0.00138415
1.9242e-006,-0.000277515
1.9244e-006,0.0015349
1.9246e-006,0.00226124
1.9248e-006,0.00116145
1.925e-006,-0.000692076
1.9252e-006,-0.00144582
1.9254e-006,-0.000339186
1.9256e-006,0.00152805
1.9258e-006,0.0023092
1.926e-006,0.00122312
1.9262e-006,-0.000647536
1.9264e-006,-0.00146295
1.9266e-006,-0.0004591
1.9268e-006,0.00132591
1.927e-006,0.00212077
1.9272e-006,0.00116145
1.9274e-006,-0.000555031
1.9276e-006,-0.00124368
1.9278e-006,-0.000202141
1.928e-006,0.00150407
1.9282e-006,0.00218244
1.9284e-006,0.00108951
1.9286e-006,-0.000746894
1.9288e-006,-0.00146638
1.929e-006,-0.000339186
1.9292e-006,0.00154518
1.9294e-006,0.00235374
1.9296e-006,0.00132248
1.9298e-006,-0.000548179
1.93e-006,-0.00141841
1.9302e-006,-0.000472804
1.9304e-006,0.00126081
1.9306e-006,0.00202141
1.9308e-006,0.00105867
1.931e-006,-0.000633832
1.9312e-006,-0.0012985
1.9314e-006,-0.000222698
1.9316e-006,0.00157259
1.9318e-006,0.00227152
1.932e-006,0.00114432
1.9322e-006,-0.000716058
1.9324e-006,-0.00149036
1.9326e-006,-0.000390577
1.9328e-006,0.0014698
1.933e-006,0.0022304
1.9332e-006,0.00113747
1.9334e-006,-0.000716058
1.9336e-006,-0.00145953
1.9338e-006,-0.00035289
1.934e-006,0.00151092
1.9342e-006,0.00232633
1.9344e-006,0.00129165
1.9346e-006,-0.00058244
1.9348e-006,-0.00143212
1.935e-006,-0.000438543
1.9352e-006,0.00134989
1.9354e-006,0.00211734
1.9356e-006,0.00110664
1.9358e-006,-0.000668093
1.936e-006,-0.00138415
1.9362e-006,-0.000294646
1.9364e-006,0.00153147
1.9366e-006,0.00229892
1.9368e-006,0.0012197
1.937e-006,-0.000626979
1.9372e-006,-0.00138415
1.9374e-006,-0.000325481
1.9376e-006,0.00144925
1.9378e-006,0.00214475
1.938e-006,0.0010621
1.9382e-006,-0.000729763
1.9384e-006,-0.00142526
1.9386e-006,-0.000270663
1.9388e-006,0.00160342
1.939e-006,0.00233319
1.9392e-006,0.00116831
1.9394e-006,-0.000770876
1.9396e-006,-0.00157601
1.9398e-006,-0.000479656
1.94e-006,0.00143897
1.9402e-006,0.00227152
1.9404e-006,0.00122998
1.9406e-006,-0.000585866
1.9408e-006,-0.00134646
1.941e-006,-0.000298072
1.9412e-006,0.00150407
1.9414e-006,0.00225096
1.9416e-006,0.00116488
1.9418e-006,-0.000681797
1.942e-006,-0.00143212
1.9422e-006,-0.000339186
1.9424e-006,0.00150064
1.9426e-006,0.00224068
1.9428e-006,0.00110664
1.943e-006,-0.000781155
1.9432e-006,-0.00155203
1.9434e-006,-0.000438543
1.9436e-006,0.00146638
1.9438e-006,0.00229892
1.944e-006,0.00124025
1.9442e-006,-0.000630406
1.9444e-006,-0.00142184
1.9446e-006,-0.000342612
1.9448e-006,0.00153147
1.945e-006,0.00231606
1.9452e-006,0.00122312
1.9454e-006,-0.000692076
1.9456e-006,-0.00151434
1.9458e-006,-0.000452247
1.946e-006,0.00142869
1.9462e-006,0.00225439
1.9464e-006,0.00117516
1.9466e-006,-0.00068865
1.9468e-006,-0.00143897
1.947e-006,-0.000332333
1.9472e-006,0.00150407
1.9474e-006,0.0022304
1.9476e-006,0.00109978
1.9478e-006,-0.000770876
1.948e-006,-0.00147666
1.9482e-006,-0.00029122
1.9484e-006,0.0016137
1.9486e-006,0.00236402
1.9488e-006,0.00120599
1.949e-006,-0.000733189
1.9492e-006,-0.00151777
1.9494e-006,-0.000400856
1.9496e-006,0.00148351
1.9498e-006,0.00227494
1.95e-006,0.00118544
1.9502e-006,-0.000674945
1.9504e-006,-0.00143897
1.9506e-006,-0.000335759
1.9508e-006,0.00151777
1.951e-006,0.00222698
1.9512e-006,0.00105524
1.9514e-006,-0.000853103
1.9516e-006,-0.00158972
1.9518e-006,-0.000424839
1.952e-006,0.00152462
1.9522e-006,0.00236745
1.9524e-006,0.00126766
1.9526e-006,-0.000626979
1.9528e-006,-0.00138415
1.953e-006,-0.000270663
1.9532e-006,0.00157944
1.9534e-006,0.00231606
1.9536e-006,0.00115118
1.9538e-006,-0.000774302
1.954e-006,-0.00153833
1.9542e-006,-0.000438543
1.9544e-006,0.00143897
1.9546e-006,0.0022304
1.9548e-006,0.00112719
1.955e-006,-0.000760598
1.9552e-006,-0.00151092
1.9554e-006,-0.000322055
1.9556e-006,0.00163768
1.9558e-006,0.00245653
1.956e-006,0.00133961
1.9562e-006,-0.000613275
1.9564e-006,-0.00149379
1.9566e-006,-0.000452247
1.9568e-006,0.001391
1.957e-006,0.0021516
1.9572e-006,0.00108951
1.9574e-006,-0.00070578
1.9576e-006,-0.00135674
1.9578e-006,-0.000174732
1.958e-006,0.00167195
1.9582e-006,0.00229207
1.9584e-006,0.00100385
1.9586e-006,-0.000983296
1.9588e-006,-0.00172334
1.959e-006,-0.000441969
1.9592e-006,0.00165481
1.9594e-006,0.00256959
1.9596e-006,0.0014561
1.9598e-006,-0.000527622
1.96e-006,-0.0014424
1.9602e-006,-0.000445395
1.9604e-006,0.00138415
1.9606e-006,0.00212762
1.9608e-006,0.00104154
1.961e-006,-0.000774302
1.9612e-006,-0.00148351
1.9614e-006,-0.000342612
1.9616e-006,0.00157259
1.9618e-006,0.00234346
1.962e-006,0.00120942
1.9622e-006,-0.000633832
1.9624e-006,-0.00134646
1.9626e-006,-0.000208993
1.9628e-006,0.00163083
1.963e-006,0.00227494
1.9632e-006,0.00103126
1.9634e-006,-0.000928478
1.9636e-006,-0.00167195
1.9638e-006,-0.000438543
1.964e-006,0.00158629
1.9642e-006,0.00245995
1.9644e-006,0.00134646
1.9646e-006,-0.000633832
1.9648e-006,-0.00151092
1.965e-006,-0.000445395
1.9652e-006,0.00146295
1.9654e-006,0.00228522
1.9656e-006,0.00118544
1.9658e-006,-0.000692076
1.966e-006,-0.00144925
1.9662e-006,-0.000349464
1.9664e-006,0.00149036
1.9666e-006,0.00224753
1.9668e-006,0.00115803
1.967e-006,-0.000729763
1.9672e-006,-0.00148351
1.9674e-006,-0.000325481
1.9676e-006,0.00155888
1.9678e-006,0.0022955
1.968e-006,0.00113062
1.9682e-006,-0.000798285
1.9684e-006,-0.00152462
1.9686e-006,-0.000318629
1.9688e-006,0.00163768
1.969e-006,0.00242912
1.9692e-006,0.00125739
1.9694e-006,-0.000712632
1.9696e-006,-0.0015486
1.9698e-006,-0.00047623
1.97e-006,0.00140813
1.9702e-006,0.00219614
1.9704e-006,0.00113062
1.9706e-006,-0.000685223
1.9708e-006,-0.00138758
1.971e-006,-0.000198715
1.9712e-006,0.00166167
1.9714e-006,0.00228522
1.9716e-006,0.00104154
1.9718e-006,-0.000849677
1.972e-006,-0.0015349
1.9722e-006,-0.000315203
1.9724e-006,0.00166852
1.9726e-006,0.00243254
1.9728e-006,0.00121285
1.973e-006,-0.000753746
1.9732e-006,-0.00156231
1.9734e-006,-0.000441969
1.9736e-006,0.0014698
1.9738e-006,0.00223383
1.974e-006,0.00109293
1.9742e-006,-0.000784581
1.9744e-006,-0.0014698
1.9746e-006,-0.000277515
1.9748e-006,0.00162741
1.975e-006,0.00240171
1.9752e-006,0.00127109
1.9754e-006,-0.000668093
1.9756e-006,-0.00150749
1.9758e-006,-0.000428265
1.976e-006,0.00144582
1.9762e-006,0.0022167
1.9764e-006,0.00109978
1.9766e-006,-0.00076745
1.9768e-006,-0.0014698
1.977e-006,-0.000284368
1.9772e-006,0.00162398
1.9774e-006,0.00235717
1.9776e-006,0.00121285
1.9778e-006,-0.000661241
1.978e-006,-0.00141841
1.9782e-006,-0.000328907
1.9784e-006,0.00147323
1.9786e-006,0.0021516
1.9788e-006,0.00097987
1.979e-006,-0.00093533
1.9792e-006,-0.00158972
1.9794e-006,-0.000263811
1.9796e-006,0.00173019
1.9798e-006,0.00245995
1.98e-006,0.00124368
1.9802e-006,-0.000712632
1.9804e-006,-0.00143897
1.9806e-006,-0.00022955
1.9808e-006,0.00165139
1.981e-006,0.00232976
1.9812e-006,0.00109293
1.9814e-006,-0.000894217
1.9816e-006,-0.00167195
1.9818e-006,-0.000486509
1.982e-006,0.00148693
1.9822e-006,0.0023092
1.9824e-006,0.00119571
1.9826e-006,-0.000685223
1.9828e-006,-0.00141841
1.983e-006,-0.00029122
1.9832e-006,0.00158629
1.9834e-006,0.0022955
1.9836e-006,0.00112719
1.9838e-006,-0.000740041
1.984e-006,-0.00142184
1.9842e-006,-0.000191863
1.9844e-006,0.00170278
1.9846e-006,0.0023743
1.9848e-006,0.00115803
1.985e-006,-0.000781155
1.9852e-006,-0.00155203
1.9854e-006,-0.000400856
1.9856e-006,0.00148008
1.9858e-006,0.00220642
1.986e-006,0.00105524
1.9862e-006,-0.00081199
1.9864e-006,-0.00149721
1.9866e-006,-0.000277515
1.9868e-006,0.00167195
1.987e-006,0.00242912
1.9872e-006,0.00127452
1.9874e-006,-0.000654388
1.9876e-006,-0.00146638
1.9878e-006,-0.000373447
1.988e-006,0.00148351
1.9882e-006,0.0022304
1.9884e-006,0.00111691
1.9886e-006,-0.000726337
1.9888e-006,-0.0014424
1.989e-006,-0.000346038
1.9892e-006,0.0014698
1.9894e-006,0.00218244
1.9896e-006,0.00100728
1.9898e-006,-0.000846251
1.99e-006,-0.00148008
1.9902e-006,-0.000260385
1.9904e-006,0.00167195
1.9906e-006,0.00240856
1.9908e-006,0.00120599
1.991e-006,-0.000740041
1.9912e-006,-0.00151777
1.9914e-006,-0.00039743
1.9916e-006,0.0014561
1.9918e-006,0.00220985
1.992e-006,0.00112377
1.9922e-006,-0.000698928
1.9924e-006,-0.00138073
1.9926e-006,-0.000212419
1.9928e-006,0.00163426
1.993e-006,0.00228179
1.9932e-006,0.0010621
1.9934e-006,-0.00082912
1.9936e-006,-0.0015212
1.9938e-006,-0.000328907
1.994e-006,0.00155546
1.9942e-006,0.00228179
1.9944e-006,0.00112719
1.9946e-006,-0.000774302
1.9948e-006,-0.00151777
1.995e-006,-0.000339186
1.9952e-006,0.00156574
1.9954e-006,0.00230235
1.9956e-006,0.00117858
1.9958e-006,-0.000664667
1.996e-006,-0.00137387
1.9962e-006,-0.000256959
1.9964e-006,0.00153833
1.9966e-006,0.00222355
1.9968e-006,0.00109293
1.997e-006,-0.000784581
1.9972e-006,-0.00156916
1.9974e-006,-0.000503639
1.9976e-006,0.00135674
1.9978e-006,0.00219614
1.998e-006,0.00122312
1.9982e-006,-0.000534474
1.9984e-006,-0.00128822
1.9986e-006,-0.000274089
1.9988e-006,0.00152805
1.999e-006,0.00230235
1.9992e-006,0.00122998
1.9994e-006,-0.000654388
1.9996e-006,-0.00150064
1.9998e-006,-0.000513918
2e-006,0.00132248
2.0002e-006,0.00219272
2.0004e-006,0.00120942
2.0006e-006,-0.00058244
2.0008e-006,-0.00137045
2.001e-006,-0.000363168
2.0012e-006,0.0014698
2.0014e-006,0.00228522
2.0016e-006,0.00125739
2.0018e-006,-0.000633832
2.002e-006,-0.00150407
2.0022e-006,-0.000455674
2.0024e-006,0.00145267
2.0026e-006,0.00233319
2.0028e-006,0.00132248
2.003e-006,-0.000579014
2.0032e-006,-0.00147323
2.0034e-006,-0.000483083
2.0036e-006,0.00138415
2.0038e-006,0.00225439
2.004e-006,0.00124711
2.0042e-006,-0.000633832
2.0044e-006,-0.00151434
2.0046e-006,-0.000531048
2.0048e-006,0.00137387
2.005e-006,0.00229207
2.0052e-006,0.00131563
2.0054e-006,-0.000527622
2.0056e-006,-0.00140813
2.0058e-006,-0.000445395
2.006e-006,0.00138758
2.0062e-006,0.00224411
2.0064e-006,0.00124025
2.0066e-006,-0.000606423
2.0068e-006,-0.00143554
2.007e-006,-0.000400856
2.0072e-006,0.00151092
2.0074e-006,0.0023743
2.0076e-006,0.00130535
2.0078e-006,-0.000647536
2.008e-006,-0.0015486
2.0082e-006,-0.000551605
2.0084e-006,0.00130878
2.0086e-006,0.00217901
2.0088e-006,0.0012197
2.009e-006,-0.000572162
2.0092e-006,-0.00135332
2.0094e-006,-0.000304924
2.0096e-006,0.00152805
2.0098e-006,0.00228865
2.01e-006,0.00117516
2.0102e-006,-0.000729763
2.0104e-006,-0.00154175
2.0106e-006,-0.0004591
2.0108e-006,0.00147666
2.011e-006,0.00236745
2.0112e-006,0.00130535
2.0114e-006,-0.000674945
2.0116e-006,-0.00162055
2.0118e-006,-0.00058244
2.012e-006,0.00137387
2.0122e-006,0.00227494
2.0124e-006,0.00128479
2.0126e-006,-0.000561883
2.0128e-006,-0.0013773
2.013e-006,-0.000308351
2.0132e-006,0.00157944
2.0134e-006,0.00241884
2.0136e-006,0.00133619
2.0138e-006,-0.000647536
2.014e-006,-0.00161028
2.0142e-006,-0.000620127
2.0144e-006,0.00129165
2.0146e-006,0.00217901
2.0148e-006,0.00120942
2.015e-006,-0.000623553
2.0152e-006,-0.0014424
2.0154e-006,-0.000380299
2.0156e-006,0.00152805
2.0158e-006,0.00238458
2.016e-006,0.00130192
2.0162e-006,-0.000650962
2.0164e-006,-0.00151092
2.0166e-006,-0.000407708
2.0168e-006,0.00156574
2.017e-006,0.00243254
2.0172e-006,0.00131906
2.0174e-006,-0.000678371
2.0176e-006,-0.00159314
2.0178e-006,-0.000592718
2.018e-006,0.00127109
2.0182e-006,0.00215503
2.0184e-006,0.00123683
2.0186e-006,-0.000493361
2.0188e-006,-0.00125053
2.019e-006,-0.000322055
2.0192e-006,0.0012985
2.0194e-006,0.00198715
2.0196e-006,0.0010621
2.0198e-006,-0.000486509
2.02e-006,-0.00105182
2.0202e-006,-0.000113062
2.0204e-006,0.00132248
2.0206e-006,0.0017576
2.0208e-006,0.000760598
2.021e-006,-0.000534474
2.0212e-006,-0.000764024
2.0214e-006,0.00018501
2.0216e-006,0.00120599
2.0218e-006,0.00120599
2.022e-006,0.000339186
2.0222e-006,-0.000328907
2.0224e-006,-8.9079e-005
2.0226e-006,0.000678371
2.0228e-006,0.00101413
2.023e-006,0.000544753
2.0232e-006,-0.000130192
2.0234e-006,-0.000164454
2.0236e-006,0.000572162
2.0238e-006,0.00127452
2.024e-006,0.00108265
2.0242e-006,0.000161028
2.0244e-006,-0.000541326
2.0246e-006,-0.000322055
2.0248e-006,0.000531048
2.025e-006,0.00108951
2.0252e-006,0.000784581
2.0254e-006,4.11134e-005
2.0256e-006,-0.000267237
2.0258e-006,0.000202141
2.026e-006,0.000976443
2.0262e-006,0.00124368
2.0264e-006,0.000712632
2.0266e-006,-6.85223e-005
2.0268e-006,-0.000322055
2.027e-006,0.000154175
2.0272e-006,0.000805138
2.0274e-006,0.000921626
2.0276e-006,0.000407708
2.0278e-006,-0.000150749
2.028e-006,-0.000164454
2.0282e-006,0.000346038
2.0284e-006,0.000832547
2.0286e-006,0.00082912
2.0288e-006,0.000411134
2.029e-006,9.93574e-005
2.0292e-006,0.000250107
2.0294e-006,0.000678371
2.0296e-006,0.000911347
2.0298e-006,0.00068865
2.03e-006,0.00016788
2.0302e-006,-0.00016788
2.0304e-006,-2.74089e-005
2.0306e-006,0.000383725
2.0308e-006,0.000681797
2.031e-006,0.000650962
2.0312e-006,0.000394004
2.0314e-006,0.000205567
2.0316e-006,0.000284368
2.0318e-006,0.000510492
2.032e-006,0.000637258
2.0322e-006,0.000541327
2.0324e-006,0.000318629
2.0326e-006,0.000212419
2.0328e-006,0.000342612
2.033e-006,0.0005379
2.0332e-006,0.000613275
2.0334e-006,0.000507065
2.0336e-006,0.000284368
2.0338e-006,0.000178158
2.034e-006,0.000277516
2.0342e-006,0.000472804
2.0344e-006,0.000609849
2.0346e-006,0.000551605
2.0348e-006,0.000359742
2.035e-006,0.00024668
2.0352e-006,0.000284368
2.0354e-006,0.000390577
2.0356e-006,0.000479656
2.0358e-006,0.00047623
2.036e-006,0.00039743
2.0362e-006,0.000346038
2.0364e-006,0.00039743
2.0366e-006,0.000513918
2.0368e-006,0.000592718
2.037e-006,0.000548179
2.0372e-006,0.000404282
2.0374e-006,0.000294646
2.0376e-006,0.000308351
2.0378e-006,0.00041456
2.038e-006,0.000503639
2.0382e-006,0.000441969
2.0384e-006,0.000270663
2.0386e-006,0.000147323
2.0388e-006,0.000195289
2.039e-006,0.000387151
2.0392e-006,0.000575588
2.0394e-006,0.000640684
2.0396e-006,0.000561883
2.0398e-006,0.000431691
2.04e-006,0.000363168
2.0402e-006,0.000383725
2.0404e-006,0.000435117
2.0406e-006,0.000428265
2.0408e-006,0.000332333
2.041e-006,0.000267237
2.0412e-006,0.000308351
2.0414e-006,0.0004591
2.0416e-006,0.000606423
2.0418e-006,0.000592718
2.042e-006,0.000428265
2.0422e-006,0.000263811
2.0424e-006,0.000198715
2.0426e-006,0.000250107
2.0428e-006,0.000363168
2.043e-006,0.000455674
2.0432e-006,0.000496787
2.0434e-006,0.000483083
2.0436e-006,0.000428265
2.0438e-006,0.000356316
2.044e-006,0.000325481
2.0442e-006,0.000376873
2.0444e-006,0.000448821
2.0446e-006,0.000469378
2.0448e-006,0.0004591
2.045e-006,0.000424839
2.0452e-006,0.000400856
2.0454e-006,0.000431691
2.0456e-006,0.000479656
2.0458e-006,0.000462526
2.046e-006,0.000339186
2.0462e-006,0.000236402
2.0464e-006,0.000263811
2.0466e-006,0.000363168
2.0468e-006,0.000438543
2.047e-006,0.000428265
2.0472e-006,0.000346038
2.0474e-006,0.000294646
2.0476e-006,0.000383725
2.0478e-006,0.000555031
2.048e-006,0.000609849
2.0482e-006,0.000472804
2.0484e-006,0.000294646
2.0486e-006,0.000277516
2.0488e-006,0.000462526
2.049e-006,0.000599571
2.0492e-006,0.0005379
2.0494e-006,0.000332333
2.0496e-006,0.000137045
2.0498e-006,0.000164454
2.05e-006,0.000441969
2.0502e-006,0.000671519
2.0504e-006,0.000606423
2.0506e-006,0.000339186
2.0508e-006,0.000150749
2.051e-006,0.000226124
2.0512e-006,0.000510492
2.0514e-006,0.00070578
2.0516e-006,0.000602997
2.0518e-006,0.000301498
2.052e-006,5.48179e-005
2.0522e-006,9.59313e-005
2.0524e-006,0.000376873
2.0526e-006,0.000626979
2.0528e-006,0.000654388
2.053e-006,0.000452248
2.0532e-006,0.000243254
2.0534e-006,0.000205567
2.0536e-006,0.000349464
2.0538e-006,0.000524196
2.054e-006,0.000551605
2.0542e-006,0.000469378
2.0544e-006,0.00033576
2.0546e-006,0.000250107
2.0548e-006,0.000267237
2.055e-006,0.000373447
2.0552e-006,0.000500213
2.0554e-006,0.0005379
2.0556e-006,0.000465952
2.0558e-006,0.00035289
2.056e-006,0.000332333
2.0562e-006,0.000445395
2.0564e-006,0.000531048
2.0566e-006,0.000462526
2.0568e-006,0.000301498
2.057e-006,0.000191863
2.0572e-006,0.000280942
2.0574e-006,0.000531048
2.0576e-006,0.000712632
2.0578e-006,0.000664667
2.058e-006,0.000394004
2.0582e-006,0.000126766
2.0584e-006,8.5653e-005
2.0586e-006,0.000277516
2.0588e-006,0.000513918
2.059e-006,0.000572162
2.0592e-006,0.000400856
2.0594e-006,0.000236402
2.0596e-006,0.000284368
2.0598e-006,0.000493361
2.06e-006,0.000685223
2.0602e-006,0.000640684
2.0604e-006,0.000387151
2.0606e-006,0.000150749
2.0608e-006,0.000147323
2.061e-006,0.000370021
2.0612e-006,0.000561883
2.0614e-006,0.00052077
2.0616e-006,0.000322055
2.0618e-006,0.000181584
2.062e-006,0.000263811
2.0622e-006,0.000541327
2.0624e-006,0.000774303
2.0626e-006,0.00070578
2.0628e-006,0.000370021
2.063e-006,0.000102784
2.0632e-006,0.000113062
2.0634e-006,0.000325481
2.0636e-006,0.00052077
2.0638e-006,0.00052077
2.064e-006,0.000332333
2.0642e-006,0.000198715
2.0644e-006,0.000325481
2.0646e-006,0.000602997
2.0648e-006,0.000740041
2.065e-006,0.000579014
2.0652e-006,0.000250107
2.0654e-006,8.22268e-005
2.0656e-006,0.000236402
2.0658e-006,0.000541327
2.066e-006,0.00070578
2.0662e-006,0.000572162
2.0664e-006,0.000253533
2.0666e-006,3.76873e-005
2.0668e-006,0.000109636
2.067e-006,0.000380299
2.0672e-006,0.00058244
2.0674e-006,0.000555031
2.0676e-006,0.000376873
2.0678e-006,0.000277516
2.068e-006,0.00041456
2.0682e-006,0.000671519
2.0684e-006,0.000770876
2.0686e-006,0.000565309
2.0688e-006,0.000195289
2.069e-006,-5.13917e-005
2.0692e-006,5.48179e-005
2.0694e-006,0.000394004
2.0696e-006,0.000654388
2.0698e-006,0.000647536
2.07e-006,0.000387151
2.0702e-006,0.000147323
2.0704e-006,0.000174732
2.0706e-006,0.000483083
2.0708e-006,0.000743467
2.071e-006,0.000674945
2.0712e-006,0.000346038
2.0714e-006,5.8244e-005
2.0716e-006,8.22268e-005
2.0718e-006,0.000400856
2.072e-006,0.000678371
2.0722e-006,0.000650962
2.0724e-006,0.000363168
2.0726e-006,9.93574e-005
2.0728e-006,0.000147323
2.073e-006,0.000428265
2.0732e-006,0.000664667
2.0734e-006,0.000613275
2.0736e-006,0.000366595
2.0738e-006,0.000202141
2.074e-006,0.000280942
2.0742e-006,0.000524196
2.0744e-006,0.000626979
2.0746e-006,0.000465952
2.0748e-006,0.000178158
2.075e-006,2.7409e-005
2.0752e-006,0.000198715
2.0754e-006,0.000555031
2.0756e-006,0.00075032
2.0758e-006,0.000613275
2.076e-006,0.000277516
2.0762e-006,8.5653e-005
2.0764e-006,0.00024668
2.0766e-006,0.000585866
2.0768e-006,0.000753746
2.077e-006,0.000585866
2.0772e-006,0.00018501
2.0774e-006,-7.19484e-005
2.0776e-006,6.85224e-005
2.0778e-006,0.000441969
2.078e-006,0.000722911
2.0782e-006,0.000685223
2.0784e-006,0.000383725
2.0786e-006,0.000157601
2.0788e-006,0.00022955
2.079e-006,0.000479656
2.0792e-006,0.000661241
2.0794e-006,0.000602997
2.0796e-006,0.00035289
2.0798e-006,0.000181584
2.08e-006,0.000277516
2.0802e-006,0.000493361
2.0804e-006,0.000585866
2.0806e-006,0.000435117
2.0808e-006,0.000154175
2.081e-006,4.11134e-005
2.0812e-006,0.000212419
2.0814e-006,0.000565309
2.0816e-006,0.000815416
2.0818e-006,0.000722911
2.082e-006,0.000376873
2.0822e-006,9.93574e-005
2.0824e-006,0.000164454
2.0826e-006,0.000493361
2.0828e-006,0.000733189
2.083e-006,0.000668093
2.0832e-006,0.000373447
2.0834e-006,0.000133619
2.0836e-006,0.000174732
2.0838e-006,0.000428265
2.084e-006,0.000606423
2.0842e-006,0.000524196
2.0844e-006,0.000277516
2.0846e-006,0.00010621
2.0848e-006,0.000215845
2.085e-006,0.000513918
2.0852e-006,0.000712632
2.0854e-006,0.000616701
2.0856e-006,0.000308351
2.0858e-006,9.25052e-005
2.086e-006,0.000215845
2.0862e-006,0.000592718
2.0864e-006,0.000856529
2.0866e-006,0.00075032
2.0868e-006,0.000383725
2.087e-006,2.39829e-005
2.0872e-006,-2.39828e-005
2.0874e-006,0.000270663
2.0876e-006,0.000565309
2.0878e-006,0.000592718
2.088e-006,0.000363168
2.0882e-006,0.000113062
2.0884e-006,9.93574e-005
2.0886e-006,0.000376873
2.0888e-006,0.000740041
2.089e-006,0.000859955
2.0892e-006,0.000637258
2.0894e-006,0.000308351
2.0896e-006,0.000205567
2.0898e-006,0.000346038
2.09e-006,0.000524196
2.0902e-006,0.0005379
2.0904e-006,0.000308351
2.0906e-006,4.79657e-005
2.0908e-006,4.79657e-005
2.091e-006,0.000383725
2.0912e-006,0.000777729
2.0914e-006,0.000856529
2.0916e-006,0.000555031
2.0918e-006,0.000147323
2.092e-006,-1.71306e-005
2.0922e-006,0.000243254
2.0924e-006,0.000685223
2.0926e-006,0.000853103
2.0928e-006,0.000613275
2.093e-006,0.000215845
2.0932e-006,1.02784e-005
2.0934e-006,0.000178158
2.0936e-006,0.0005379
2.0938e-006,0.000681797
2.094e-006,0.000448821
2.0942e-006,9.93574e-005
2.0944e-006,2.39829e-005
2.0946e-006,0.000339186
2.0948e-006,0.000770876
2.095e-006,0.000938756
2.0952e-006,0.000647536
2.0954e-006,0.000147323
2.0956e-006,-5.8244e-005
2.0958e-006,0.000215845
2.096e-006,0.000640684
2.0962e-006,0.000757172
2.0964e-006,0.000424839
2.0966e-006,-3.42611e-005
2.0968e-006,-0.000154175
2.097e-006,0.000243254
2.0972e-006,0.000798285
2.0974e-006,0.000993574
2.0976e-006,0.000640684
2.0978e-006,8.22268e-005
2.098e-006,-0.000143897
2.0982e-006,0.000147323
2.0984e-006,0.00068865
2.0986e-006,0.000942182
2.0988e-006,0.000685223
2.099e-006,0.000212419
2.0992e-006,-2.39828e-005
2.0994e-006,0.000195289
2.0996e-006,0.000596144
2.0998e-006,0.000743467
2.1e-006,0.000452248
2.1002e-006,2.05567e-005
2.1004e-006,-8.9079e-005
2.1006e-006,0.000304924
2.1008e-006,0.000859955
2.101e-006,0.000986722
2.1012e-006,0.000565309
2.1014e-006,3.42615e-006
2.1016e-006,-0.000154175
2.1018e-006,0.000250107
2.102e-006,0.000849677
2.1022e-006,0.00106552
2.1024e-006,0.000674945
2.1026e-006,6.85224e-005
2.1028e-006,-0.000181584
2.103e-006,0.000109636
2.1032e-006,0.000609849
2.1034e-006,0.000825694
2.1036e-006,0.000548179
2.1038e-006,4.79657e-005
2.104e-006,-0.000130192
2.1042e-006,0.000212419
2.1044e-006,0.000729763
2.1046e-006,0.000897643
2.1048e-006,0.000558457
2.105e-006,8.90791e-005
2.1052e-006,-4.11134e-005
2.1054e-006,0.000356316
2.1056e-006,0.000931904
2.1058e-006,0.00109978
2.106e-006,0.000654388
2.1062e-006,-2.05567e-005
2.1064e-006,-0.000298072
2.1066e-006,5.48179e-005
2.1068e-006,0.000626979
2.107e-006,0.000877086
2.1072e-006,0.000599571
2.1074e-006,8.5653e-005
2.1076e-006,-0.00010621
2.1078e-006,0.000226124
2.108e-006,0.000764024
2.1082e-006,0.000959313
2.1084e-006,0.000613275
2.1086e-006,6.50963e-005
2.1088e-006,-0.000113062
2.109e-006,0.00024668
2.1092e-006,0.000774303
2.1094e-006,0.000973017
2.1096e-006,0.000613275
2.1098e-006,3.76873e-005
2.11e-006,-0.000133619
2.1102e-006,0.000253533
2.1104e-006,0.000781155
2.1106e-006,0.000942182
2.1108e-006,0.000544753
2.111e-006,-8.56529e-005
2.1112e-006,-0.000318629
2.1114e-006,7.88007e-005
2.1116e-006,0.000678371
2.1118e-006,0.000921626
2.112e-006,0.000633832
2.1122e-006,0.000157601
2.1124e-006,4.79657e-005
2.1126e-006,0.000455674
2.1128e-006,0.000962739
2.113e-006,0.00104154
2.1132e-006,0.000558457
2.1134e-006,-9.93574e-005
2.1136e-006,-0.000318629
2.1138e-006,0.00010621
2.114e-006,0.000746894
2.1142e-006,0.000973017
2.1144e-006,0.000544753
2.1146e-006,-0.000102783
2.1148e-006,-0.000308351
2.115e-006,0.000140471
2.1152e-006,0.000870234
2.1154e-006,0.00116145
2.1156e-006,0.000774303
2.1158e-006,0.000150749
2.116e-006,-0.00012334
2.1162e-006,0.000181584
2.1164e-006,0.000698928
2.1166e-006,0.000877086
2.1168e-006,0.000483083
2.117e-006,-9.25051e-005
2.1172e-006,-0.000205567
2.1174e-006,0.000270663
2.1176e-006,0.000921626
2.1178e-006,0.00113404
2.118e-006,0.000654388
2.1182e-006,-8.22268e-005
2.1184e-006,-0.000359742
2.1186e-006,6.50963e-005
2.1188e-006,0.00076745
2.119e-006,0.00105182
2.1192e-006,0.000671519
2.1194e-006,6.50963e-005
2.1196e-006,-0.000109636
2.1198e-006,0.000301498
2.12e-006,0.000870234
2.1202e-006,0.000983296
2.1204e-006,0.00047623
2.1206e-006,-0.000202141
2.1208e-006,-0.000373447
2.121e-006,0.000191863
2.1212e-006,0.000966165
2.1214e-006,0.00125396
2.1216e-006,0.000798285
2.1218e-006,6.16701e-005
2.122e-006,-0.000226124
2.1222e-006,0.000126766
2.1224e-006,0.000698928
2.1226e-006,0.000866808
2.1228e-006,0.000435117
2.123e-006,-0.000133619
2.1232e-006,-0.000232976
2.1234e-006,0.000274089
2.1236e-006,0.000907921
2.1238e-006,0.00107237
2.124e-006,0.000599571
2.1242e-006,-4.79656e-005
2.1244e-006,-0.000195289
2.1246e-006,0.000328907
2.1248e-006,0.000986722
2.125e-006,0.00112034
2.1252e-006,0.000575588
2.1254e-006,-0.000147323
2.1256e-006,-0.000349464
2.1258e-006,0.000143897
2.126e-006,0.000842825
2.1262e-006,0.00109636
2.1264e-006,0.000664667
2.1266e-006,-3.42611e-005
2.1268e-006,-0.000270663
2.127e-006,0.000157601
2.1272e-006,0.000781155
2.1274e-006,0.000993574
2.1276e-006,0.000592718
2.1278e-006,1.37045e-005
2.128e-006,-0.000116488
2.1282e-006,0.000359742
2.1284e-006,0.000942182
2.1286e-006,0.00103126
2.1288e-006,0.000513918
2.129e-006,-0.00016788
2.1292e-006,-0.00035289
2.1294e-006,0.000164454
2.1296e-006,0.000877086
2.1298e-006,0.00113404
2.13e-006,0.00070578
2.1302e-006,-3.42609e-006
2.1304e-006,-0.00029122
2.1306e-006,9.93574e-005
2.1308e-006,0.000726337
2.131e-006,0.00093533
2.1312e-006,0.000531048
2.1314e-006,-3.76873e-005
2.1316e-006,-0.000147323
2.1318e-006,0.000376873
2.132e-006,0.0010107
2.1322e-006,0.00109636
2.1324e-006,0.000524196
2.1326e-006,-0.000202141
2.1328e-006,-0.000411134
2.133e-006,0.00010621
2.1332e-006,0.000846251
2.1334e-006,0.00111691
2.1336e-006,0.000685223
2.1338e-006,1.71306e-005
2.134e-006,-0.000222698
2.1342e-006,0.000198715
2.1344e-006,0.000859955
2.1346e-006,0.00105867
2.1348e-006,0.000579014
2.135e-006,-9.93574e-005
2.1352e-006,-0.000325481
2.1354e-006,0.000126766
2.1356e-006,0.000818842
2.1358e-006,0.00105867
2.136e-006,0.000633832
2.1362e-006,2.39829e-005
2.1364e-006,-0.000150749
2.1366e-006,0.000284368
2.1368e-006,0.000897643
2.137e-006,0.0010621
2.1372e-006,0.000572162
2.1374e-006,-0.000130192
2.1376e-006,-0.000349464
2.1378e-006,0.000133619
2.138e-006,0.000825694
2.1382e-006,0.00106552
2.1384e-006,0.000626979
2.1386e-006,-2.74089e-005
2.1388e-006,-0.000188436
2.139e-006,0.000274089
2.1392e-006,0.000880512
2.1394e-006,0.00104154
2.1396e-006,0.000565309
2.1398e-006,-9.25051e-005
2.14e-006,-0.000260385
2.1402e-006,0.00024668
2.1404e-006,0.000921626
2.1406e-006,0.00111349
2.1408e-006,0.000613275
2.141e-006,-0.000116488
2.1412e-006,-0.000342612
2.1414e-006,0.000133619
2.1416e-006,0.000818842
2.1418e-006,0.00108951
2.142e-006,0.00070578
2.1422e-006,6.50963e-005
2.1424e-006,-0.000164454
2.1426e-006,0.000232976
2.1428e-006,0.000835973
2.143e-006,0.00100043
2.1432e-006,0.000503639
2.1434e-006,-0.000171306
2.1436e-006,-0.000339186
2.1438e-006,0.00018501
2.144e-006,0.000928478
2.1442e-006,0.00117858
2.1444e-006,0.000681797
2.1446e-006,-5.8244e-005
2.1448e-006,-0.00029122
2.145e-006,0.000188436
2.1452e-006,0.000859955
2.1454e-006,0.00108265
2.1456e-006,0.000613275
2.1458e-006,-8.22268e-005
2.146e-006,-0.000294646
2.1462e-006,0.000171306
2.1464e-006,0.00087366
2.1466e-006,0.00109636
2.1468e-006,0.000654388
2.147e-006,1.71306e-005
2.1472e-006,-0.000181584
2.1474e-006,0.000280942
2.1476e-006,0.000907921
2.1478e-006,0.00104839
2.148e-006,0.000496787
2.1482e-006,-0.00022955
2.1484e-006,-0.000407708
2.1486e-006,0.000130192
2.1488e-006,0.000890791
2.149e-006,0.00115118
2.1492e-006,0.00070578
2.1494e-006,3.42612e-005
2.1496e-006,-0.000191863
2.1498e-006,0.00022955
2.15e-006,0.000866808
2.1502e-006,0.00106552
2.1504e-006,0.000609849
2.1506e-006,-5.48178e-005
2.1508e-006,-0.000304924
2.151e-006,8.90791e-005
2.1512e-006,0.000736615
2.1514e-006,0.000969591
2.1516e-006,0.000568735
2.1518e-006,-3.42611e-005
2.152e-006,-0.00018501
2.1522e-006,0.000298072
2.1524e-006,0.000969591
2.1526e-006,0.00116831
2.1528e-006,0.000681797
2.153e-006,-4.11134e-005
2.1532e-006,-0.000315203
2.1534e-006,0.000113062
2.1536e-006,0.000770876
2.1538e-006,0.000976443
2.154e-006,0.000534474
2.1542e-006,-9.93574e-005
2.1544e-006,-0.000243254
2.1546e-006,0.000260385
2.1548e-006,0.000921626
2.155e-006,0.00112377
2.1552e-006,0.000640684
2.1554e-006,-5.8244e-005
2.1556e-006,-0.000284368
2.1558e-006,0.000164454
2.156e-006,0.00081199
2.1562e-006,0.00101413
2.1564e-006,0.000548179
2.1566e-006,-9.59313e-005
2.1568e-006,-0.000208993
2.157e-006,0.000311777
2.1572e-006,0.000969591
2.1574e-006,0.0011409
2.1576e-006,0.000602997
2.1578e-006,-0.00012334
2.158e-006,-0.000342612
2.1582e-006,0.000157601
2.1584e-006,0.00087366
2.1586e-006,0.00108951
2.1588e-006,0.000596144
2.159e-006,-9.93574e-005
2.1592e-006,-0.000287794
2.1594e-006,0.000208993
2.1596e-006,0.000914773
2.1598e-006,0.00111006
2.16e-006,0.000599571
2.1602e-006,-9.93574e-005
2.1604e-006,-0.000298072
2.1606e-006,0.000178158
2.1608e-006,0.000880512
2.161e-006,0.00110321
2.1612e-006,0.000616701
2.1614e-006,-8.56529e-005
2.1616e-006,-0.000304924
2.1618e-006,0.00016788
2.162e-006,0.00087366
2.1622e-006,0.00109636
2.1624e-006,0.000620127
2.1626e-006,-6.50962e-005
2.1628e-006,-0.000270663
2.163e-006,0.000222698
2.1632e-006,0.000907921
2.1634e-006,0.00108608
2.1636e-006,0.000579014
2.1638e-006,-0.000116488
2.164e-006,-0.000308351
2.1642e-006,0.000198715
2.1644e-006,0.000904495
2.1646e-006,0.00111006
2.1648e-006,0.000606423
2.165e-006,-0.000119914
2.1652e-006,-0.000346038
2.1654e-006,0.000157601
2.1656e-006,0.000894217
2.1658e-006,0.00113747
2.166e-006,0.000681797
2.1662e-006,6.85227e-006
2.1664e-006,-0.000208993
2.1666e-006,0.000198715
2.1668e-006,0.000781155
2.167e-006,0.000904495
2.1672e-006,0.000390577
2.1674e-006,-0.00022955
2.1676e-006,-0.000308351
2.1678e-006,0.000280942
2.168e-006,0.00100728
2.1682e-006,0.00119571
2.1684e-006,0.000668093
2.1686e-006,-0.00010621
2.1688e-006,-0.000366595
2.169e-006,0.000109636
2.1692e-006,0.000805138
2.1694e-006,0.00104839
2.1696e-006,0.000650962
2.1698e-006,3.76873e-005
2.17e-006,-0.000143897
2.1702e-006,0.000284368
2.1704e-006,0.000918199
2.1706e-006,0.00108265
2.1708e-006,0.000541327
2.171e-006,-0.000147323
2.1712e-006,-0.000328907
2.1714e-006,0.000157601
2.1716e-006,0.000842825
2.1718e-006,0.00104839
2.172e-006,0.000568735
2.1722e-006,-8.9079e-005
2.1724e-006,-0.000202141
2.1726e-006,0.000318629
2.1728e-006,0.000959313
2.173e-006,0.00112377
2.1732e-006,0.000637258
2.1734e-006,-3.42611e-005
2.1736e-006,-0.000232976
2.1738e-006,0.000219272
2.174e-006,0.000853103
2.1742e-006,0.00101756
2.1744e-006,0.000507065
2.1746e-006,-0.000212419
2.1748e-006,-0.000421412
2.175e-006,9.59313e-005
2.1752e-006,0.000835973
2.1754e-006,0.00113062
2.1756e-006,0.000716059
2.1758e-006,7.19485e-005
2.176e-006,-0.000109636
2.1762e-006,0.000342612
2.1764e-006,0.000942182
2.1766e-006,0.00106552
2.1768e-006,0.000527622
2.177e-006,-0.000164454
2.1772e-006,-0.00035289
2.1774e-006,0.000137045
2.1776e-006,0.000835973
2.1778e-006,0.0010107
2.178e-006,0.000496787
2.1782e-006,-0.000147323
2.1784e-006,-0.000274089
2.1786e-006,0.000308351
2.1788e-006,0.00108608
2.179e-006,0.00126424
2.1792e-006,0.000678371
2.1794e-006,-0.000102783
2.1796e-006,-0.000373447
2.1798e-006,0.000109636
2.18e-006,0.00082912
2.1802e-006,0.0010621
2.1804e-006,0.000572162
2.1806e-006,-0.000126766
2.1808e-006,-0.000263811
2.181e-006,0.000294646
2.1812e-006,0.000976443
2.1814e-006,0.00113747
2.1816e-006,0.00058244
2.1818e-006,-0.000171306
2.182e-006,-0.000373447
2.1822e-006,0.000154175
2.1824e-006,0.000866808
2.1826e-006,0.00109293
2.1828e-006,0.000626979
2.183e-006,-6.50962e-005
2.1832e-006,-0.000253533
2.1834e-006,0.000277516
2.1836e-006,0.000955887
2.1838e-006,0.00110321
2.184e-006,0.000558457
2.1842e-006,-0.000178158
2.1844e-006,-0.000349464
2.1846e-006,0.000150749
2.1848e-006,0.000805138
2.185e-006,0.0010107
2.1852e-006,0.000575588
2.1854e-006,-2.74089e-005
2.1856e-006,-0.00012334
2.1858e-006,0.000404282
2.186e-006,0.00101413
2.1862e-006,0.00106895
2.1864e-006,0.000448821
2.1866e-006,-0.000260385
2.1868e-006,-0.000370021
2.187e-006,0.000243254
2.1872e-006,0.00102098
2.1874e-006,0.00120942
2.1876e-006,0.000640684
2.1878e-006,-0.000133619
2.188e-006,-0.000376873
2.1882e-006,0.000143897
2.1884e-006,0.000863382
2.1886e-006,0.00108951
2.1888e-006,0.000602997
2.189e-006,-8.9079e-005
2.1892e-006,-0.000274089
2.1894e-006,0.00022955
2.1896e-006,0.000914773
2.1898e-006,0.00108608
2.19e-006,0.000613275
2.1902e-006,-3.76873e-005
2.1904e-006,-0.000212419
2.1906e-006,0.000263811
2.1908e-006,0.000877086
2.191e-006,0.00102784
2.1912e-006,0.000561883
2.1914e-006,-8.56529e-005
2.1916e-006,-0.000243254
2.1918e-006,0.000250107
2.192e-006,0.000866808
2.1922e-006,0.000962739
2.1924e-006,0.000424839
2.1926e-006,-0.000191863
2.1928e-006,-0.000239828
2.193e-006,0.000370021
2.1932e-006,0.00105867
2.1934e-006,0.00118201
2.1936e-006,0.000602997
2.1938e-006,-0.00016788
2.194e-006,-0.000376873
2.1942e-006,0.000130192
2.1944e-006,0.000859955
2.1946e-006,0.00113747
2.1948e-006,0.000674945
2.195e-006,-3.0835e-005
2.1952e-006,-0.000260385
2.1954e-006,0.000188436
2.1956e-006,0.000849677
2.1958e-006,0.00102784
2.196e-006,0.000575588
2.1962e-006,-3.76873e-005
2.1964e-006,-0.00022955
2.1966e-006,0.000188436
2.1968e-006,0.000781155
2.197e-006,0.000931904
2.1972e-006,0.000479656
2.1974e-006,-0.000119914
2.1976e-006,-0.000219271
2.1978e-006,0.000325481
2.198e-006,0.00101413
2.1982e-006,0.00118544
2.1984e-006,0.000657815
2.1986e-006,-7.88007e-005
2.1988e-006,-0.000304924
2.199e-006,0.000140471
2.1992e-006,0.000760598
2.1994e-006,0.000969591
2.1996e-006,0.00058244
2.1998e-006,3.42612e-005
2.2e-006,-0.000102783
2.2002e-006,0.000298072
2.2004e-006,0.000839399
2.2006e-006,0.000966165
2.2008e-006,0.000507065
2.201e-006,-7.88007e-005
2.2012e-006,-0.000219271
2.2014e-006,0.000232976
2.2016e-006,0.000856529
2.2018e-006,0.00104497
2.202e-006,0.000623553
2.2022e-006,2.05567e-005
2.2024e-006,-0.000154175
2.2026e-006,0.000253533
2.2028e-006,0.000822268
2.203e-006,0.00100385
2.2032e-006,0.000606423
2.2034e-006,1.71306e-005
2.2036e-006,-0.000178158
2.2038e-006,0.000202141
2.204e-006,0.00075032
2.2042e-006,0.000870234
2.2044e-006,0.000462526
2.2046e-006,-5.48178e-005
2.2048e-006,-0.000157601
2.205e-006,0.000315203
2.2052e-006,0.000938756
2.2054e-006,0.00109978
2.2056e-006,0.000616701
2.2058e-006,-7.53745e-005
2.206e-006,-0.000301498
2.2062e-006,0.000133619
2.2064e-006,0.000798285
2.2066e-006,0.00105182
2.2068e-006,0.000650962
2.207e-006,3.76873e-005
2.2072e-006,-0.000178158
2.2074e-006,0.00024668
2.2076e-006,0.000877086
2.2078e-006,0.00105867
2.208e-006,0.000592718
2.2082e-006,-0.00010621
2.2084e-006,-0.000346038
2.2086e-006,0.000116488
2.2088e-006,0.000784581
2.209e-006,0.00100385
2.2092e-006,0.000592718
2.2094e-006,-2.39828e-005
2.2096e-006,-0.000202141
2.2098e-006,0.000256959
2.21e-006,0.000938756
2.2102e-006,0.00114432
2.2104e-006,0.000664667
2.2106e-006,-4.45395e-005
2.2108e-006,-0.000287794
2.211e-006,0.00016788
2.2112e-006,0.00082912
2.2114e-006,0.00104839
2.2116e-006,0.000602997
2.2118e-006,-4.11134e-005
2.212e-006,-0.000256959
2.2122e-006,0.000161028
2.2124e-006,0.000805138
2.2126e-006,0.00102098
2.2128e-006,0.000575588
2.213e-006,-7.19484e-005
2.2132e-006,-0.000243254
2.2134e-006,0.000226124
2.2136e-006,0.000877086
2.2138e-006,0.00107923
2.214e-006,0.000620127
2.2142e-006,-3.76873e-005
2.2144e-006,-0.000236402
2.2146e-006,0.000226124
2.2148e-006,0.000890791
2.215e-006,0.00110664
2.2152e-006,0.000657815
2.2154e-006,-2.74089e-005
2.2156e-006,-0.000308351
2.2158e-006,5.48179e-005
2.216e-006,0.000698928
2.2162e-006,0.000973017
2.2164e-006,0.000630406
2.2166e-006,6.50963e-005
2.2168e-006,-0.000113062
2.217e-006,0.000260385
2.2172e-006,0.000808564
2.2174e-006,0.000966165
2.2176e-006,0.000561883
2.2178e-006,-1.02783e-005
2.218e-006,-0.000178158
2.2182e-006,0.000260385
2.2184e-006,0.000842825
2.2186e-006,0.000986722
2.2188e-006,0.000558457
2.219e-006,-1.02783e-005
2.2192e-006,-0.000126766
2.2194e-006,0.000318629
2.2196e-006,0.000866808
2.2198e-006,0.00097987
2.22e-006,0.000507065
2.2202e-006,-8.22268e-005
2.2204e-006,-0.000208993
2.2206e-006,0.000198715
2.2208e-006,0.000709206
2.221e-006,0.000853103
2.2212e-006,0.000541327
2.2214e-006,0.000140471
2.2216e-006,5.48179e-005
2.2218e-006,0.000359742
2.222e-006,0.000681797
2.2222e-006,0.000640684
2.2224e-006,0.000280942
2.2226e-006,2.7409e-005
2.2228e-006,0.000202141
2.223e-006,0.000664667
2.2232e-006,0.000983296
2.2234e-006,0.000794859
2.2236e-006,0.00024668
2.2238e-006,-0.000133619
2.224e-006,1.02784e-005
2.2242e-006,0.000510492
2.2244e-006,0.000846251
2.2246e-006,0.00070578
2.2248e-006,0.000239828
2.225e-006,-7.19484e-005
2.2252e-006,8.5653e-005
2.2254e-006,0.00052077
2.2256e-006,0.000781155
2.2258e-006,0.000623553
2.226e-006,0.000239828
2.2262e-006,5.48179e-005
2.2264e-006,0.000274089
2.2266e-006,0.000668093
2.2268e-006,0.00082912
2.227e-006,0.000589292
2.2272e-006,0.000198715
2.2274e-006,4.11134e-005
2.2276e-006,0.000226124
2.2278e-006,0.000565309
2.228e-006,0.000743467
2.2282e-006,0.000561883
2.2284e-006,0.000236402
2.2286e-006,0.000109636
2.2288e-006,0.00029122
2.229e-006,0.000592718
2.2292e-006,0.000668093
2.2294e-006,0.000424839
2.2296e-006,0.00010621
2.2298e-006,2.7409e-005
2.23e-006,0.000311777
2.2302e-006,0.000712632
2.2304e-006,0.000839399
2.2306e-006,0.000616701
2.2308e-006,0.000267237
2.231e-006,9.25052e-005
2.2312e-006,0.000270663
2.2314e-006,0.000585866
2.2316e-006,0.000695502
2.2318e-006,0.0004591
2.232e-006,9.25052e-005
2.2322e-006,-6.50962e-005
2.2324e-006,0.000174732
2.2326e-006,0.000579014
2.2328e-006,0.000801711
2.233e-006,0.00070578
2.2332e-006,0.00035289
2.2334e-006,0.000119914
2.2336e-006,0.000253533
2.2338e-006,0.000555031
2.234e-006,0.000726337
2.2342e-006,0.000596144
2.2344e-006,0.000284368
2.2346e-006,8.90791e-005
2.2348e-006,0.00018501
2.235e-006,0.000431691
2.2352e-006,0.0005379
2.2354e-006,0.000400856
2.2356e-006,0.000198715
2.2358e-006,0.000161028
2.236e-006,0.000387151
2.2362e-006,0.000729763
2.2364e-006,0.000853103
2.2366e-006,0.000630406
2.2368e-006,0.000219272
2.237e-006,-6.8522e-006
2.2372e-006,0.000161028
2.2374e-006,0.000517344
2.2376e-006,0.000695502
2.2378e-006,0.000565309
2.238e-006,0.000250107
2.2382e-006,6.16701e-005
2.2384e-006,0.000226124
2.2386e-006,0.000568735
2.2388e-006,0.000746894
2.239e-006,0.000613275
2.2392e-006,0.000311777
2.2394e-006,0.00010621
2.2396e-006,0.000202141
2.2398e-006,0.000500213
2.24e-006,0.000671519
2.2402e-006,0.000548179
2.2404e-006,0.000332333
2.2406e-006,0.00022955
2.2408e-006,0.000349464
2.241e-006,0.000613275
2.2412e-006,0.000716059
2.2414e-006,0.000544753
2.2416e-006,0.000198715
2.2418e-006,-2.05567e-005
2.242e-006,0.000113062
2.2422e-006,0.000462526
2.2424e-006,0.000719485
2.2426e-006,0.000664667
2.2428e-006,0.000380299
2.243e-006,0.00016788
2.2432e-006,0.000232976
2.2434e-006,0.000472804
2.2436e-006,0.000609849
2.2438e-006,0.000517344
2.244e-006,0.000280942
2.2442e-006,0.000178158
2.2444e-006,0.000366595
2.2446e-006,0.00064411
2.2448e-006,0.000719485
2.245e-006,0.000493361
2.2452e-006,0.000130192
2.2454e-006,-6.16701e-005
2.2456e-006,8.90791e-005
2.2458e-006,0.000452248
2.246e-006,0.00070578
2.2462e-006,0.000616701
2.2464e-006,0.000328907
2.2466e-006,0.000147323
2.2468e-006,0.000294646
2.247e-006,0.000633832
2.2472e-006,0.000788007
2.2474e-006,0.000637258
2.2476e-006,0.000315203
2.2478e-006,8.5653e-005
2.248e-006,0.000147323
2.2482e-006,0.000380299
2.2484e-006,0.000527622
2.2486e-006,0.000455674
2.2488e-006,0.000267237
2.249e-006,0.000215845
2.2492e-006,0.000407708
2.2494e-006,0.000650962
2.2496e-006,0.000661241
2.2498e-006,0.00041456
2.25e-006,0.000147323
2.2502e-006,0.000113062
2.2504e-006,0.000356316
2.2506e-006,0.000654388
2.2508e-006,0.000716059
2.251e-006,0.00052077
2.2512e-006,0.000260385
2.2514e-006,0.000164454
2.2516e-006,0.000298072
2.2518e-006,0.000500213
2.252e-006,0.000541327
2.2522e-006,0.000363168
2.2524e-006,0.000143897
2.2526e-006,0.000126766
2.2528e-006,0.000376873
2.253e-006,0.000671519
2.2532e-006,0.000764024
2.2534e-006,0.000602997
2.2536e-006,0.000356316
2.2538e-006,0.00024668
2.254e-006,0.00033576
2.2542e-006,0.000507065
2.2544e-006,0.000575588
2.2546e-006,0.000435117
2.2548e-006,0.000215845
2.255e-006,0.000157601
2.2552e-006,0.000298072
2.2554e-006,0.000493361
2.2556e-006,0.000585866
2.2558e-006,0.000496787
2.256e-006,0.00033576
2.2562e-006,0.000294646
2.2564e-006,0.000411134
2.2566e-006,0.000544753
2.2568e-006,0.000551605
2.257e-006,0.000404282
2.2572e-006,0.000198715
2.2574e-006,0.000150749
2.2576e-006,0.000339186
2.2578e-006,0.000558457
2.258e-006,0.000602997
2.2582e-006,0.000452248
2.2584e-006,0.000232976
2.2586e-006,0.000174732
2.2588e-006,0.000383725
2.259e-006,0.000640684
2.2592e-006,0.000712632
2.2594e-006,0.000551605
2.2596e-006,0.000263811
2.2598e-006,0.000109636
2.26e-006,0.000205567
2.2602e-006,0.000417986
2.2604e-006,0.000503639
2.2606e-006,0.000407708
2.2608e-006,0.000280942
2.261e-006,0.000277516
2.2612e-006,0.000438543
2.2614e-006,0.000626979
2.2616e-006,0.000661241
2.2618e-006,0.000500213
2.262e-006,0.000267237
2.2622e-006,0.000188436
2.2624e-006,0.000349464
2.2626e-006,0.0005379
2.2628e-006,0.000579014
2.263e-006,0.000438543
2.2632e-006,0.000202141
2.2634e-006,0.000109636
2.2636e-006,0.000250107
2.2638e-006,0.00047623
2.264e-006,0.000575588
2.2642e-006,0.000472804
2.2644e-006,0.000298072
2.2646e-006,0.000294646
2.2648e-006,0.000483083
2.265e-006,0.000685223
2.2652e-006,0.000678371
2.2654e-006,0.000465952
2.2656e-006,0.000226124
2.2658e-006,0.000157601
2.266e-006,0.000308351
2.2662e-006,0.000493361
2.2664e-006,0.000524196
2.2666e-006,0.000370021
2.2668e-006,0.000164454
2.267e-006,0.000161028
2.2672e-006,0.00041456
2.2674e-006,0.000692076
2.2676e-006,0.000760598
2.2678e-006,0.000534474
2.268e-006,0.000208993
2.2682e-006,6.50963e-005
2.2684e-006,0.000219272
2.2686e-006,0.000493361
2.2688e-006,0.000609849
2.269e-006,0.000513918
2.2692e-006,0.00035289
2.2694e-006,0.000274089
2.2696e-006,0.000387151
2.2698e-006,0.000585866
2.27e-006,0.000633832
2.2702e-006,0.000445395
2.2704e-006,0.000181584
2.2706e-006,0.000109636
2.2708e-006,0.000308351
2.271e-006,0.000544753
2.2712e-006,0.000616701
2.2714e-006,0.000469378
2.2716e-006,0.000226124
2.2718e-006,0.000154175
2.272e-006,0.00035289
2.2722e-006,0.000664667
2.2724e-006,0.000818842
2.2726e-006,0.000630406
2.2728e-006,0.000260385
2.273e-006,6.16701e-005
2.2732e-006,0.000154175
2.2734e-006,0.000411134
2.2736e-006,0.000616701
2.2738e-006,0.000565309
2.274e-006,0.00035289
2.2742e-006,0.000212419
2.2744e-006,0.000280942
2.2746e-006,0.0004591
2.2748e-006,0.000541327
2.275e-006,0.000431691
2.2752e-006,0.000250107
2.2754e-006,0.000239828
2.2756e-006,0.000441969
2.2758e-006,0.000681797
2.276e-006,0.000733189
2.2762e-006,0.000517344
2.2764e-006,0.000208993
2.2766e-006,9.59313e-005
2.2768e-006,0.00029122
2.277e-006,0.00058244
2.2772e-006,0.000668093
2.2774e-006,0.000489935
2.2776e-006,0.000202141
2.2778e-006,7.53746e-005
2.278e-006,0.000205567
2.2782e-006,0.0004591
2.2784e-006,0.000626979
2.2786e-006,0.000575588
2.2788e-006,0.000373447
2.279e-006,0.000239828
2.2792e-006,0.000339186
2.2794e-006,0.000568735
2.2796e-006,0.000674945
2.2798e-006,0.000544753
2.28e-006,0.000260385
2.2802e-006,5.13918e-005
2.2804e-006,0.000116488
2.2806e-006,0.000376873
2.2808e-006,0.000565309
2.281e-006,0.0005379
2.2812e-006,0.000390577
2.2814e-006,0.000315203
2.2816e-006,0.000394004
2.2818e-006,0.000565309
2.282e-006,0.000606423
2.2822e-006,0.000417986
2.2824e-006,0.00018501
2.2826e-006,0.000119914
2.2828e-006,0.000298072
2.283e-006,0.000561883
2.2832e-006,0.000633832
2.2834e-006,0.000455674
2.2836e-006,0.000202141
2.2838e-006,9.59313e-005
2.284e-006,0.00029122
2.2842e-006,0.000623553
2.2844e-006,0.000774303
2.2846e-006,0.000633832
2.2848e-006,0.00035289
2.285e-006,0.000164454
2.2852e-006,0.00024668
2.2854e-006,0.000507065
2.2856e-006,0.000650962
2.2858e-006,0.000517344
2.286e-006,0.000222698
2.2862e-006,4.79657e-005
2.2864e-006,0.000161028
2.2866e-006,0.0004591
2.2868e-006,0.000654388
2.287e-006,0.000606423
2.2872e-006,0.00041456
2.2874e-006,0.000274089
2.2876e-006,0.000342612
2.2878e-006,0.000544753
2.288e-006,0.000650962
2.2882e-006,0.000517344
2.2884e-006,0.000263811
2.2886e-006,0.00012334
2.2888e-006,0.000222698
2.289e-006,0.000452248
2.2892e-006,0.000561883
2.2894e-006,0.00047623
2.2896e-006,0.000304924
2.2898e-006,0.000236402
2.29e-006,0.000400856
2.2902e-006,0.000668093
2.2904e-006,0.000760598
2.2906e-006,0.000565309
2.2908e-006,0.00024668
2.291e-006,5.13918e-005
2.2912e-006,0.000133619
2.2914e-006,0.000424839
2.2916e-006,0.000640684
2.2918e-006,0.000606423
2.292e-006,0.000387151
2.2922e-006,0.000226124
2.2924e-006,0.000301498
2.2926e-006,0.000507065
2.2928e-006,0.000640684
2.293e-006,0.000541327
2.2932e-006,0.000284368
2.2934e-006,0.000143897
2.2936e-006,0.000284368
2.2938e-006,0.000585866
2.294e-006,0.000716059
2.2942e-006,0.0005379
2.2944e-006,0.000202141
2.2946e-006,-2.05567e-005
2.2948e-006,0.000109636
2.295e-006,0.000486509
2.2952e-006,0.000757172
2.2954e-006,0.000709206
2.2956e-006,0.000417986
2.2958e-006,0.000171306
2.296e-006,0.000198715
2.2962e-006,0.000445395
2.2964e-006,0.000630406
2.2966e-006,0.000524196
2.2968e-006,0.000236402
2.297e-006,6.85224e-005
2.2972e-006,0.000188436
2.2974e-006,0.000524196
2.2976e-006,0.000757172
2.2978e-006,0.000664667
2.298e-006,0.00035289
2.2982e-006,9.59313e-005
2.2984e-006,0.000150749
2.2986e-006,0.0004591
2.2988e-006,0.00068865
2.299e-006,0.000613275
2.2992e-006,0.000315203
2.2994e-006,8.5653e-005
2.2996e-006,0.000198715
2.2998e-006,0.000513918
2.3e-006,0.000695502
2.3002e-006,0.000602997
2.3004e-006,0.00033576
2.3006e-006,0.000157601
2.3008e-006,0.000260385
2.301e-006,0.000534474
2.3012e-006,0.000671519
2.3014e-006,0.000531048
2.3016e-006,0.000215845
2.3018e-006,2.39829e-005
2.302e-006,0.000191863
2.3022e-006,0.000558457
2.3024e-006,0.000753746
2.3026e-006,0.000630406
2.3028e-006,0.000339186
2.303e-006,0.000126766
2.3032e-006,0.000205567
2.3034e-006,0.00047623
2.3036e-006,0.000637258
2.3038e-006,0.000531048
2.304e-006,0.000284368
2.3042e-006,0.000147323
2.3044e-006,0.000243254
2.3046e-006,0.000500213
2.3048e-006,0.000654388
2.305e-006,0.000531048
2.3052e-006,0.000277516
2.3054e-006,0.000154175
2.3056e-006,0.00029122
2.3058e-006,0.000551605
2.306e-006,0.000681797
2.3062e-006,0.000558457
2.3064e-006,0.000277516
2.3066e-006,8.22268e-005
2.3068e-006,0.000188436
2.307e-006,0.000483083
2.3072e-006,0.000637258
2.3074e-006,0.000510492
2.3076e-006,0.000222698
2.3078e-006,5.13918e-005
2.308e-006,0.00018501
2.3082e-006,0.000524196
2.3084e-006,0.000743467
2.3086e-006,0.000661241
2.3088e-006,0.000376873
2.309e-006,0.000154175
2.3092e-006,0.000212419
2.3094e-006,0.000441969
2.3096e-006,0.000575588
2.3098e-006,0.000462526
2.31e-006,0.000205567
2.3102e-006,7.53746e-005
2.3104e-006,0.000256959
2.3106e-006,0.000613275
2.3108e-006,0.000822268
2.311e-006,0.000674945
2.3112e-006,0.000304924
2.3114e-006,8.5653e-005
2.3116e-006,0.000215845
2.3118e-006,0.000524196
2.312e-006,0.00068865
2.3122e-006,0.000527622
2.3124e-006,0.000205567
2.3126e-006,2.39829e-005
2.3128e-006,0.000150749
2.313e-006,0.0004591
2.3132e-006,0.000640684
2.3134e-006,0.000568735
2.3136e-006,0.000383725
2.3138e-006,0.00029122
2.314e-006,0.000462526
2.3142e-006,0.000736615
2.3144e-006,0.000781155
2.3146e-006,0.000517344
2.3148e-006,0.000126766
2.315e-006,-5.8244e-005
2.3152e-006,0.000137045
2.3154e-006,0.000541327
2.3156e-006,0.000760598
2.3158e-006,0.000572162
2.316e-006,0.000191863
2.3162e-006,3.06954e-011
2.3164e-006,0.000226124
2.3166e-006,0.000626979
2.3168e-006,0.000781155
2.317e-006,0.000589292
2.3172e-006,0.000253533
2.3174e-006,0.00010621
2.3176e-006,0.000328907
2.3178e-006,0.000678371
2.318e-006,0.000770876
2.3182e-006,0.000496787
2.3184e-006,9.25052e-005
2.3186e-006,-4.79656e-005
2.3188e-006,0.000243254
2.319e-006,0.000650962
2.3192e-006,0.00075032
2.3194e-006,0.000462526
2.3196e-006,8.5653e-005
2.3198e-006,3.42615e-006
2.32e-006,0.000342612
2.3202e-006,0.000777729
2.3204e-006,0.000890791
2.3206e-006,0.000592718
2.3208e-006,0.000154175
2.321e-006,1.02784e-005
2.3212e-006,0.000267237
2.3214e-006,0.000626979
2.3216e-006,0.000678371
2.3218e-006,0.000376873
2.322e-006,7.19485e-005
2.3222e-006,7.53746e-005
2.3224e-006,0.000438543
2.3226e-006,0.000832547
2.3228e-006,0.000856529
2.323e-006,0.000472804
2.3232e-006,4.79657e-005
2.3234e-006,-6.8522e-006
2.3236e-006,0.000363168
2.3238e-006,0.000781155
2.324e-006,0.000781155
2.3242e-006,0.000376873
2.3244e-006,-5.13917e-005
2.3246e-006,-0.000119914
2.3248e-006,0.000260385
2.325e-006,0.000726337
2.3252e-006,0.00087366
2.3254e-006,0.000623553
2.3256e-006,0.000284368
2.3258e-006,0.000205567
2.326e-006,0.0004591
2.3262e-006,0.000740041
2.3264e-006,0.000685223
2.3266e-006,0.000301498
2.3268e-006,-5.48178e-005
2.327e-006,-3.76873e-005
2.3272e-006,0.000332333
2.3274e-006,0.000702354
2.3276e-006,0.000743467
2.3278e-006,0.000411134
2.328e-006,5.13918e-005
2.3282e-006,6.85224e-005
2.3284e-006,0.00047623
2.3286e-006,0.000877086
2.3288e-006,0.000894217
2.329e-006,0.00052077
2.3292e-006,9.25052e-005
2.3294e-006,-1.37044e-005
2.3296e-006,0.000294646
2.3298e-006,0.000671519
2.33e-006,0.000733189
2.3302e-006,0.000469378
2.3304e-006,0.000119914
2.3306e-006,2.39829e-005
2.3308e-006,0.000322055
2.331e-006,0.00064411
2.3312e-006,0.000650962
2.3314e-006,0.000370021
2.3316e-006,0.00010621
2.3318e-006,0.000154175
2.332e-006,0.000503639
2.3322e-006,0.000805138
2.3324e-006,0.000733189
2.3326e-006,0.000332333
2.3328e-006,-5.8244e-005
2.333e-006,-5.8244e-005
2.3332e-006,0.000373447
2.3334e-006,0.000846251
2.3336e-006,0.000949035
2.3338e-006,0.000623553
2.334e-006,0.000154175
2.3342e-006,-2.74089e-005
2.3344e-006,0.000215845
2.3346e-006,0.000541327
2.3348e-006,0.000650962
2.335e-006,0.000441969
2.3352e-006,0.00010621
2.3354e-006,7.53746e-005
2.3356e-006,0.000376873
2.3358e-006,0.000685223
2.336e-006,0.000712632
2.3362e-006,0.000417986
2.3364e-006,0.00012334
2.3366e-006,0.00016788
2.3368e-006,0.00052077
2.337e-006,0.000818842
2.3372e-006,0.000719485
2.3374e-006,0.000253533
2.3376e-006,-0.000174732
2.3378e-006,-0.000188436
2.338e-006,0.000274089
2.3382e-006,0.000818842
2.3384e-006,0.000955887
2.3386e-006,0.000650962
2.3388e-006,0.000263811
2.339e-006,0.000133619
2.3392e-006,0.000376873
2.3394e-006,0.000664667
2.3396e-006,0.000613275
2.3398e-006,0.000267237
2.34e-006,-3.0835e-005
2.3402e-006,3.42612e-005
2.3404e-006,0.000441969
2.3406e-006,0.000832547
2.3408e-006,0.000818842
2.341e-006,0.000394004
2.3412e-006,-1.37044e-005
2.3414e-006,-3.0835e-005
2.3416e-006,0.000325481
2.3418e-006,0.000722911
2.342e-006,0.000808564
2.3422e-006,0.000531048
2.3424e-006,0.000195289
2.3426e-006,0.000147323
2.3428e-006,0.000445395
2.343e-006,0.000743467
2.3432e-006,0.000685223
2.3434e-006,0.000315203
2.3436e-006,-1.37044e-005
2.3438e-006,1.02784e-005
2.344e-006,0.000376873
2.3442e-006,0.000729763
2.3444e-006,0.000733189
2.3446e-006,0.000370021
2.3448e-006,-6.8522e-006
2.345e-006,1.71306e-005
2.3452e-006,0.000431691
2.3454e-006,0.000846251
2.3456e-006,0.000853103
2.3458e-006,0.000479656
2.346e-006,0.00010621
2.3462e-006,7.53746e-005
2.3464e-006,0.00041456
2.3466e-006,0.000760598
2.3468e-006,0.000784581
2.347e-006,0.000455674
2.3472e-006,5.13918e-005
2.3474e-006,-2.74089e-005
2.3476e-006,0.000263811
2.3478e-006,0.000602997
2.348e-006,0.000664667
2.3482e-006,0.000407708
2.3484e-006,0.000133619
2.3486e-006,0.000150749
2.3488e-006,0.000510492
2.349e-006,0.000853103
2.3492e-006,0.000801711
2.3494e-006,0.00041456
2.3496e-006,-2.05567e-005
2.3498e-006,-9.59313e-005
2.35e-006,0.000315203
2.3502e-006,0.000777729
2.3504e-006,0.000887364
2.3506e-006,0.000596144
2.3508e-006,0.000181584
2.351e-006,2.39829e-005
2.3512e-006,0.000243254
2.3514e-006,0.000555031
2.3516e-006,0.000606423
2.3518e-006,0.00035289
2.352e-006,7.88007e-005
2.3522e-006,0.000154175
2.3524e-006,0.000544753
2.3526e-006,0.000853103
2.3528e-006,0.000798285
2.353e-006,0.000387151
2.3532e-006,-3.0835e-005
2.3534e-006,-7.88007e-005
2.3536e-006,0.000274089
2.3538e-006,0.000692076
2.354e-006,0.000818842
2.3542e-006,0.000568735
2.3544e-006,0.000215845
2.3546e-006,0.000157601
2.3548e-006,0.000428265
2.355e-006,0.000716059
2.3552e-006,0.00068865
2.3554e-006,0.000315203
2.3556e-006,-4.11134e-005
2.3558e-006,3.42615e-006
2.356e-006,0.000394004
2.3562e-006,0.000774303
2.3564e-006,0.000774303
2.3566e-006,0.000400856
2.3568e-006,4.45396e-005
2.357e-006,4.11134e-005
2.3572e-006,0.000411134
2.3574e-006,0.000832547
2.3576e-006,0.000883938
2.3578e-006,0.000527622
2.358e-006,0.000137045
2.3582e-006,5.13918e-005
2.3584e-006,0.00035289
2.3586e-006,0.00070578
2.3588e-006,0.000722911
2.359e-006,0.000390577
2.3592e-006,2.7409e-005
2.3594e-006,-2.39828e-005
2.3596e-006,0.00029122
2.3598e-006,0.000674945
2.36e-006,0.000760598
2.3602e-006,0.000489935
2.3604e-006,0.000137045
2.3606e-006,6.85224e-005
2.3608e-006,0.000376873
2.361e-006,0.00075032
2.3612e-006,0.000794859
2.3614e-006,0.000479656
2.3616e-006,0.000140471
2.3618e-006,9.25052e-005
2.362e-006,0.000349464
2.3622e-006,0.000654388
2.3624e-006,0.000674945
2.3626e-006,0.000349464
2.3628e-006,2.39829e-005
2.363e-006,3.42612e-005
2.3632e-006,0.000387151
2.3634e-006,0.000746894
2.3636e-006,0.000770876
2.3638e-006,0.000424839
2.364e-006,5.13918e-005
2.3642e-006,4.11134e-005
2.3644e-006,0.000424839
2.3646e-006,0.000805138
2.3648e-006,0.000818842
2.365e-006,0.000452248
2.3652e-006,5.13918e-005
2.3654e-006,3.08351e-005
2.3656e-006,0.000370021
2.3658e-006,0.00070578
2.366e-006,0.000733189
2.3662e-006,0.000431691
2.3664e-006,9.59313e-005
2.3666e-006,6.16701e-005
2.3668e-006,0.000373447
2.367e-006,0.000709206
2.3672e-006,0.000726337
2.3674e-006,0.000435117
2.3676e-006,0.000143897
2.3678e-006,0.00016788
2.368e-006,0.000503639
2.3682e-006,0.000791433
2.3684e-006,0.00070578
2.3686e-006,0.000311777
2.3688e-006,-8.22268e-005
2.369e-006,-8.56529e-005
2.3692e-006,0.000332333
2.3694e-006,0.000753746
2.3696e-006,0.000808564
2.3698e-006,0.000507065
2.37e-006,0.000154175
2.3702e-006,5.8244e-005
2.3704e-006,0.000328907
2.3706e-006,0.000671519
2.3708e-006,0.000722911
2.371e-006,0.000441969
2.3712e-006,0.00012334
2.3714e-006,0.000102784
2.3716e-006,0.000404282
2.3718e-006,0.000709206
2.372e-006,0.000685223
2.3722e-006,0.000332333
2.3724e-006,2.05567e-005
2.3726e-006,5.8244e-005
2.3728e-006,0.000431691
2.373e-006,0.000808564
2.3732e-006,0.000805138
2.3734e-006,0.000441969
2.3736e-006,4.11134e-005
2.3738e-006,-3.76873e-005
2.374e-006,0.000304924
2.3742e-006,0.000712632
2.3744e-006,0.000801711
2.3746e-006,0.000531048
2.3748e-006,0.00022955
2.375e-006,0.000198715
2.3752e-006,0.000448821
2.3754e-006,0.000719485
2.3756e-006,0.000695502
2.3758e-006,0.000363168
2.376e-006,1.02784e-005
2.3762e-006,-1.37044e-005
2.3764e-006,0.000301498
2.3766e-006,0.000650962
2.3768e-006,0.000719485
2.377e-006,0.000465952
2.3772e-006,0.000212419
2.3774e-006,0.000226124
2.3776e-006,0.000548179
2.3778e-006,0.000894217
2.378e-006,0.000866808
2.3782e-006,0.000462526
2.3784e-006,3.42615e-006
2.3786e-006,-0.000113062
2.3788e-006,0.000191863
2.379e-006,0.000599571
2.3792e-006,0.000733189
2.3794e-006,0.000517344
2.3796e-006,0.000174732
2.3798e-006,6.16701e-005
2.38e-006,0.000311777
2.3802e-006,0.000654388
2.3804e-006,0.000746894
2.3806e-006,0.0005379
2.3808e-006,0.000274089
2.381e-006,0.000250107
2.3812e-006,0.000496787
2.3814e-006,0.000726337
2.3816e-006,0.000654388
2.3818e-006,0.00029122
2.382e-006,-5.48178e-005
2.3822e-006,-2.74089e-005
2.3824e-006,0.000380299
2.3826e-006,0.000784581
2.3828e-006,0.000818842
2.383e-006,0.000465952
2.3832e-006,5.48179e-005
2.3834e-006,-4.45395e-005
2.3836e-006,0.000274089
2.3838e-006,0.000668093
2.384e-006,0.000760598
2.3842e-006,0.000500213
2.3844e-006,0.000181584
2.3846e-006,0.000171306
2.3848e-006,0.000479656
2.385e-006,0.000764024
2.3852e-006,0.000681797
2.3854e-006,0.000294646
2.3856e-006,-5.8244e-005
2.3858e-006,-4.11134e-005
2.386e-006,0.000373447
2.3862e-006,0.000794859
2.3864e-006,0.000815416
2.3866e-006,0.000438543
2.3868e-006,4.79657e-005
2.387e-006,-3.42609e-006
2.3872e-006,0.00035289
2.3874e-006,0.000743467
2.3876e-006,0.000788007
2.3878e-006,0.000483083
2.388e-006,0.000113062
2.3882e-006,8.22268e-005
2.3884e-006,0.000428265
2.3886e-006,0.000760598
2.3888e-006,0.000726337
2.389e-006,0.000373447
2.3892e-006,2.7409e-005
2.3894e-006,-1.71306e-005
2.3896e-006,0.000325481
2.3898e-006,0.00068865
2.39e-006,0.000709206
2.3902e-006,0.000424839
2.3904e-006,0.00012334
2.3906e-006,0.000119914
2.3908e-006,0.000431691
2.391e-006,0.000733189
2.3912e-006,0.000702354
2.3914e-006,0.000380299
2.3916e-006,9.93574e-005
2.3918e-006,0.000154175
2.392e-006,0.000496787
2.3922e-006,0.000774303
2.3924e-006,0.000733189
2.3926e-006,0.000390577
2.3928e-006,4.45396e-005
2.393e-006,1.71306e-005
2.3932e-006,0.000325481
2.3934e-006,0.00068865
2.3936e-006,0.000746894
2.3938e-006,0.0004591
2.394e-006,0.00010621
2.3942e-006,7.88007e-005
2.3944e-006,0.000387151
2.3946e-006,0.000674945
2.3948e-006,0.000678371
2.395e-006,0.000390577
2.3952e-006,0.000116488
2.3954e-006,0.000137045
2.3956e-006,0.000462526
2.3958e-006,0.000791433
2.396e-006,0.000781155
2.3962e-006,0.000431691
2.3964e-006,6.50963e-005
2.3966e-006,2.39829e-005
2.3968e-006,0.000332333
2.397e-006,0.000633832
2.3972e-006,0.000602997
2.3974e-006,0.000294646
2.3976e-006,2.05567e-005
2.3978e-006,0.000109636
2.398e-006,0.000496787
2.3982e-006,0.000842825
2.3984e-006,0.000832547
2.3986e-006,0.000465952
2.3988e-006,6.85224e-005
2.399e-006,-1.71306e-005
2.3992e-006,0.000274089
2.3994e-006,0.000626979
2.3996e-006,0.000674945
2.3998e-006,0.000390577
2.4e-006,0.000102784
2.4002e-006,0.000109636
2.4004e-006,0.000438543
2.4006e-006,0.000784581
2.4008e-006,0.000794859
2.401e-006,0.000479656
2.4012e-006,0.000133619
2.4014e-006,7.88007e-005
2.4016e-006,0.000356316
2.4018e-006,0.000626979
2.402e-006,0.000606423
2.4022e-006,0.000315203
2.4024e-006,3.08351e-005
2.4026e-006,7.19485e-005
2.4028e-006,0.000421412
2.403e-006,0.000746894
2.4032e-006,0.000743467
2.4034e-006,0.000407708
2.4036e-006,8.90791e-005
2.4038e-006,0.00012334
2.404e-006,0.000472804
2.4042e-006,0.000825694
2.4044e-006,0.000832547
2.4046e-006,0.000452248
2.4048e-006,5.48179e-005
2.405e-006,-3.42609e-006
2.4052e-006,0.000280942
2.4054e-006,0.000613275
2.4056e-006,0.000630406
2.4058e-006,0.000301498
2.406e-006,-3.42609e-006
2.4062e-006,4.45396e-005
2.4064e-006,0.000455674
2.4066e-006,0.00087366
2.4068e-006,0.000897643
2.407e-006,0.000551605
2.4072e-006,0.000150749
2.4074e-006,4.11134e-005
2.4076e-006,0.000304924
2.4078e-006,0.000630406
2.408e-006,0.00064411
2.4082e-006,0.000349464
2.4084e-006,7.19485e-005
2.4086e-006,0.000113062
2.4088e-006,0.000441969
2.409e-006,0.000757172
2.4092e-006,0.000712632
2.4094e-006,0.000318629
2.4096e-006,-1.37044e-005
2.4098e-006,4.11134e-005
2.41e-006,0.000417986
2.4102e-006,0.000777729
2.4104e-006,0.000777729
2.4106e-006,0.000421412
2.4108e-006,6.50963e-005
2.411e-006,6.85224e-005
2.4112e-006,0.000428265
2.4114e-006,0.00076745
2.4116e-006,0.000740041
2.4118e-006,0.000380299
2.412e-006,5.8244e-005
2.4122e-006,8.90791e-005
2.4124e-006,0.000452248
2.4126e-006,0.000777729
2.4128e-006,0.000722911
2.413e-006,0.000318629
2.4132e-006,-3.42611e-005
2.4134e-006,3.42612e-005
2.4136e-006,0.000445395
2.4138e-006,0.000822268
2.414e-006,0.000801711
2.4142e-006,0.000428265
2.4144e-006,8.90791e-005
2.4146e-006,8.5653e-005
2.4148e-006,0.000404282
2.415e-006,0.000712632
2.4152e-006,0.000698928
2.4154e-006,0.00041456
2.4156e-006,8.5653e-005
2.4158e-006,2.7409e-005
2.416e-006,0.000363168
2.4162e-006,0.000709206
2.4164e-006,0.000678371
2.4166e-006,0.000349464
2.4168e-006,5.48179e-005
2.417e-006,9.93574e-005
2.4172e-006,0.000465952
2.4174e-006,0.000798285
2.4176e-006,0.00076745
2.4178e-006,0.000404282
2.418e-006,3.42612e-005
2.4182e-006,6.85227e-006
2.4184e-006,0.000363168
2.4186e-006,0.000726337
2.4188e-006,0.000760598
2.419e-006,0.000452248
2.4192e-006,0.000102784
2.4194e-006,6.85224e-005
2.4196e-006,0.00039743
2.4198e-006,0.000719485
2.42e-006,0.000719485
2.4202e-006,0.000411134
2.4204e-006,8.5653e-005
2.4206e-006,0.000116488
2.4208e-006,0.000469378
2.421e-006,0.000770876
2.4212e-006,0.00068865
2.4214e-006,0.000301498
2.4216e-006,3.42615e-006
2.4218e-006,8.90791e-005
2.422e-006,0.000496787
2.4222e-006,0.000832547
2.4224e-006,0.00075032
2.4226e-006,0.000325481
2.4228e-006,3.06954e-011
2.423e-006,4.11134e-005
2.4232e-006,0.000400856
2.4234e-006,0.000733189
2.4236e-006,0.000671519
2.4238e-006,0.000315203
2.424e-006,5.8244e-005
2.4242e-006,0.000198715
2.4244e-006,0.000626979
2.4246e-006,0.000887364
2.4248e-006,0.000685223
2.425e-006,0.000208993
2.4252e-006,-9.59313e-005
2.4254e-006,5.8244e-005
2.4256e-006,0.000527622
2.4258e-006,0.000870234
2.426e-006,0.000764024
2.4262e-006,0.000328907
2.4264e-006,-2.74089e-005
2.4266e-006,4.11134e-005
2.4268e-006,0.000431691
2.427e-006,0.000712632
2.4272e-006,0.000647536
2.4274e-006,0.000370021
2.4276e-006,0.000205567
2.4278e-006,0.00033576
2.428e-006,0.000613275
2.4282e-006,0.00070578
2.4284e-006,0.000469378
2.4286e-006,0.000113062
2.4288e-006,-1.37044e-005
2.429e-006,0.000263811
2.4292e-006,0.000719485
2.4294e-006,0.000911347
2.4296e-006,0.000674945
2.4298e-006,0.000215845
2.43e-006,-6.16701e-005
2.4302e-006,6.85224e-005
2.4304e-006,0.000452248
2.4306e-006,0.000709206
2.4308e-006,0.000613275
2.431e-006,0.00029122
2.4312e-006,8.22268e-005
2.4314e-006,0.000195289
2.4316e-006,0.000524196
2.4318e-006,0.00076745
2.432e-006,0.000681797
2.4322e-006,0.000363168
2.4324e-006,0.000126766
2.4326e-006,0.000178158
2.4328e-006,0.000431691
2.433e-006,0.000596144
2.4332e-006,0.000486509
2.4334e-006,0.000239828
2.4336e-006,0.000116488
2.4338e-006,0.000260385
2.434e-006,0.000568735
2.4342e-006,0.000716059
2.4344e-006,0.000513918
2.4346e-006,0.000164454
2.4348e-006,-6.8522e-006
2.435e-006,0.000171306
2.4352e-006,0.000565309
2.4354e-006,0.000805138
2.4356e-006,0.000664667
2.4358e-006,0.000328907
2.436e-006,0.00010621
2.4362e-006,0.000188436
2.4364e-006,0.000493361
2.4366e-006,0.000695502
2.4368e-006,0.000551605
2.437e-006,0.000205567
2.4372e-006,1.71306e-005
2.4374e-006,0.00016788
2.4376e-006,0.000527622
2.4378e-006,0.000740041
2.438e-006,0.000596144
2.4382e-006,0.00022955
2.4384e-006,1.37045e-005
2.4386e-006,0.000157601
2.4388e-006,0.00052077
2.439e-006,0.000764024
2.4392e-006,0.000657815
2.4394e-006,0.000304924
2.4396e-006,6.85224e-005
2.4398e-006,0.000171306
2.44e-006,0.000486509
2.4402e-006,0.000671519
2.4404e-006,0.000531048
2.4406e-006,0.000239828
2.4408e-006,0.000109636
2.441e-006,0.000328907
2.4412e-006,0.000712632
2.4414e-006,0.00087366
2.4416e-006,0.000647536
2.4418e-006,0.000198715
2.442e-006,-6.50962e-005
2.4422e-006,0.000116488
2.4424e-006,0.000531048
2.4426e-006,0.000770876
2.4428e-006,0.000620127
2.443e-006,0.000232976
2.4432e-006,-1.37044e-005
2.4434e-006,9.25052e-005
2.4436e-006,0.000465952
2.4438e-006,0.000740041
2.444e-006,0.000668093
2.4442e-006,0.000387151
2.4444e-006,0.000222698
2.4446e-006,0.000332333
2.4448e-006,0.000596144
2.445e-006,0.000729763
2.4452e-006,0.000558457
2.4454e-006,0.000215845
2.4456e-006,1.71306e-005
2.4458e-006,0.000133619
2.446e-006,0.000455674
2.4462e-006,0.000681797
2.4464e-006,0.000592718
2.4466e-006,0.000298072
2.4468e-006,8.22268e-005
2.447e-006,0.000154175
2.4472e-006,0.000472804
2.4474e-006,0.000712632
2.4476e-006,0.000650962
2.4478e-006,0.00039743
2.448e-006,0.000188436
2.4482e-006,0.000253533
2.4484e-006,0.000534474
2.4486e-006,0.00070578
2.4488e-006,0.000602997
2.449e-006,0.000318629
2.4492e-006,9.25052e-005
2.4494e-006,0.000126766
2.4496e-006,0.000349464
2.4498e-006,0.000510492
2.45e-006,0.000486509
2.4502e-006,0.00035289
2.4504e-006,0.000274089
2.4506e-006,0.000349464
2.4508e-006,0.000493361
2.451e-006,0.000585866
2.4512e-006,0.000500213
2.4514e-006,0.000322055
2.4516e-006,0.000212419
2.4518e-006,0.000253533
2.452e-006,0.000435117
2.4522e-006,0.000565309
2.4524e-006,0.000534474
2.4526e-006,0.000411134
2.4528e-006,0.000298072
2.453e-006,0.000284368
2.4532e-006,0.00035289
2.4534e-006,0.000407708
2.4536e-006,0.00041456
2.4538e-006,0.000383725
2.454e-006,0.000356316
2.4542e-006,0.000387151
2.4544e-006,0.000489935
2.4546e-006,0.000568735
2.4548e-006,0.0005379
2.455e-006,0.000404282
2.4552e-006,0.000267237
2.4554e-006,0.000222698
2.4556e-006,0.000298072
2.4558e-006,0.000441969
2.456e-006,0.000551605
2.4562e-006,0.000558457
2.4564e-006,0.000469378
2.4566e-006,0.000387151
2.4568e-006,0.000404282
2.457e-006,0.000496787
2.4572e-006,0.000558457
2.4574e-006,0.000496787
2.4576e-006,0.000328907
2.4578e-006,0.000157601
2.458e-006,0.000133619
2.4582e-006,0.000277516
2.4584e-006,0.000441969
2.4586e-006,0.000486509
2.4588e-006,0.000435117
2.459e-006,0.000394004
2.4592e-006,0.000455674
2.4594e-006,0.000596144
2.4596e-006,0.000695502
2.4598e-006,0.000630406
2.46e-006,0.000407708
2.4602e-006,0.000161028
2.4604e-006,7.53746e-005
2.4606e-006,0.000191863
2.4608e-006,0.000363168
2.461e-006,0.000448821
2.4612e-006,0.000404282
2.4614e-006,0.000363168
2.4616e-006,0.000462526
2.4618e-006,0.000637258
2.462e-006,0.000709206
2.4622e-006,0.000579014
2.4624e-006,0.000325481
2.4626e-006,0.000157601
2.4628e-006,0.000202141
2.463e-006,0.000400856
2.4632e-006,0.000596144
2.4634e-006,0.000589292
2.4636e-006,0.000383725
2.4638e-006,0.000219272
2.464e-006,0.000232976
2.4642e-006,0.000390577
2.4644e-006,0.000527622
2.4646e-006,0.000469378
2.4648e-006,0.000311777
2.465e-006,0.000232976
2.4652e-006,0.000325481
2.4654e-006,0.000568735
2.4656e-006,0.000719485
2.4658e-006,0.000647536
2.466e-006,0.000441969
2.4662e-006,0.000226124
2.4664e-006,0.000174732
2.4666e-006,0.000332333
2.4668e-006,0.000503639
2.467e-006,0.000500213
2.4672e-006,0.000359742
2.4674e-006,0.000250107
2.4676e-006,0.000284368
2.4678e-006,0.000455674
2.468e-006,0.000575588
2.4682e-006,0.0005379
2.4684e-006,0.000421412
2.4686e-006,0.000346038
2.4688e-006,0.00039743
2.469e-006,0.000517344
2.4692e-006,0.0005379
2.4694e-006,0.000380299
2.4696e-006,0.000157601
2.4698e-006,6.85224e-005
2.47e-006,0.000226124
2.4702e-006,0.000517344
2.4704e-006,0.00068865
2.4706e-006,0.000623553
2.4708e-006,0.000428265
2.471e-006,0.000287794
2.4712e-006,0.000332333
2.4714e-006,0.000486509
2.4716e-006,0.000558457
2.4718e-006,0.000462526
2.472e-006,0.000253533
2.4722e-006,0.000119914
2.4724e-006,0.000222698
2.4726e-006,0.000455674
2.4728e-006,0.000613275
2.473e-006,0.000585866
2.4732e-006,0.000424839
2.4734e-006,0.00029122
2.4736e-006,0.000301498
2.4738e-006,0.000411134
2.474e-006,0.000452248
2.4742e-006,0.000349464
2.4744e-006,0.000219272
2.4746e-006,0.000236402
2.4748e-006,0.000445395
2.475e-006,0.000650962
2.4752e-006,0.000678371
2.4754e-006,0.000513918
2.4756e-006,0.000274089
2.4758e-006,0.000174732
2.476e-006,0.000308351
2.4762e-006,0.000524196
2.4764e-006,0.000620127
2.4766e-006,0.000507065
2.4768e-006,0.000311777
2.477e-006,0.000205567
2.4772e-006,0.000311777
2.4774e-006,0.000534474
2.4776e-006,0.000602997
2.4778e-006,0.000452248
2.478e-006,0.000236402
2.4782e-006,0.000154175
2.4784e-006,0.000270663
2.4786e-006,0.000465952
2.4788e-006,0.000572162
2.479e-006,0.000534474
2.4792e-006,0.000424839
2.4794e-006,0.000407708
2.4796e-006,0.000541327
2.4798e-006,0.000668093
2.48e-006,0.000599571
2.4802e-006,0.00035289
2.4804e-006,9.93574e-005
2.4806e-006,2.7409e-005
2.4808e-006,0.000205567
2.481e-006,0.000438543
2.4812e-006,0.000544753
2.4814e-006,0.000452248
2.4816e-006,0.000294646
2.4818e-006,0.000304924
2.482e-006,0.000465952
2.4822e-006,0.000620127
2.4824e-006,0.000664667
2.4826e-006,0.000544753
2.4828e-006,0.000370021
2.483e-006,0.00029122
2.4832e-006,0.00033576
2.4834e-006,0.000462526
2.4836e-006,0.000496787
2.4838e-006,0.000359742
2.484e-006,0.000208993
2.4842e-006,0.000195289
2.4844e-006,0.000346038
2.4846e-006,0.000541327
2.4848e-006,0.000596144
2.485e-006,0.000448821
2.4852e-006,0.000263811
2.4854e-006,0.000236402
2.4856e-006,0.000404282
2.4858e-006,0.000592718
2.486e-006,0.000623553
2.4862e-006,0.000479656
2.4864e-006,0.000277516
2.4866e-006,0.000202141
2.4868e-006,0.00033576
2.487e-006,0.000510492
2.4872e-006,0.000524196
2.4874e-006,0.000370021
2.4876e-006,0.000208993
2.4878e-006,0.000232976
2.488e-006,0.000438543
2.4882e-006,0.000626979
2.4884e-006,0.000637258
2.4886e-006,0.000448821
2.4888e-006,0.000253533
2.489e-006,0.000236402
2.4892e-006,0.000387151
2.4894e-006,0.000541327
2.4896e-006,0.00052077
2.4898e-006,0.00035289
2.49e-006,0.000178158
2.4902e-006,0.000157601
2.4904e-006,0.000322055
2.4906e-006,0.000534474
2.4908e-006,0.000585866
2.491e-006,0.000445395
2.4912e-006,0.000294646
2.4914e-006,0.000287794
2.4916e-006,0.000462526
2.4918e-006,0.000661241
2.492e-006,0.00064411
2.4922e-006,0.00039743
2.4924e-006,0.000143897
2.4926e-006,0.00010621
2.4928e-006,0.000287794
2.493e-006,0.000500213
2.4932e-006,0.000541327
2.4934e-006,0.000417986
2.4936e-006,0.000274089
2.4938e-006,0.000263811
2.494e-006,0.000441969
2.4942e-006,0.000647536
2.4944e-006,0.000664667
2.4946e-006,0.000448821
2.4948e-006,0.000198715
2.495e-006,0.000174732
2.4952e-006,0.000400856
2.4954e-006,0.000633832
2.4956e-006,0.000640684
2.4958e-006,0.000428265
2.496e-006,0.000181584
2.4962e-006,0.000140471
2.4964e-006,0.000339186
2.4966e-006,0.000572162
2.4968e-006,0.000661241
2.497e-006,0.000486509
2.4972e-006,0.000236402
2.4974e-006,0.000188436
2.4976e-006,0.000380299
2.4978e-006,0.000650962
2.498e-006,0.00070578
2.4982e-006,0.000486509
2.4984e-006,0.00024668
2.4986e-006,0.00018501
2.4988e-006,0.000325481
2.499e-006,0.00052077
2.4992e-006,0.000524196
2.4994e-006,0.000322055
2.4996e-006,0.000150749
2.4998e-006,0.000198715
2.5e-006,0.000469378
2.5002e-006,0.000733189
2.5004e-006,0.000698928
2.5006e-006,0.000407708
2.5008e-006,0.000126766
2.501e-006,9.93574e-005
2.5012e-006,0.000342612
2.5014e-006,0.000609849
2.5016e-006,0.000640684
2.5018e-006,0.000428265
2.502e-006,0.000195289
2.5022e-006,0.000171306
2.5024e-006,0.000407708
2.5026e-006,0.000674945
2.5028e-006,0.000709206
2.503e-006,0.000513918
2.5032e-006,0.000287794
2.5034e-006,0.000243254
2.5036e-006,0.000363168
2.5038e-006,0.000489935
2.504e-006,0.000445395
2.5042e-006,0.000280942
2.5044e-006,0.000171306
2.5046e-006,0.000260385
2.5048e-006,0.000507065
2.505e-006,0.000685223
2.5052e-006,0.000609849
2.5054e-006,0.000328907
2.5056e-006,0.000102784
2.5058e-006,0.000161028
2.506e-006,0.000493361
2.5062e-006,0.000805138
2.5064e-006,0.000822268
2.5066e-006,0.000524196
2.5068e-006,0.000171306
2.507e-006,4.11134e-005
2.5072e-006,0.000191863
2.5074e-006,0.000428265
2.5076e-006,0.000493361
2.5078e-006,0.000370021
2.508e-006,0.000236402
2.5082e-006,0.000274089
2.5084e-006,0.00052077
2.5086e-006,0.000719485
2.5088e-006,0.000674945
2.509e-006,0.00041456
2.5092e-006,0.000157601
2.5094e-006,0.000157601
2.5096e-006,0.000390577
2.5098e-006,0.000616701
2.51e-006,0.000623553
2.5102e-006,0.000417986
2.5104e-006,0.000188436
2.5106e-006,0.000164454
2.5108e-006,0.000370021
2.511e-006,0.000616701
2.5112e-006,0.000623553
2.5114e-006,0.000383725
2.5116e-006,0.000147323
2.5118e-006,0.000140471
2.512e-006,0.000421412
2.5122e-006,0.000716059
2.5124e-006,0.000712632
2.5126e-006,0.000438543
2.5128e-006,0.000171306
2.513e-006,0.000161028
2.5132e-006,0.00041456
2.5134e-006,0.000657815
2.5136e-006,0.000626979
2.5138e-006,0.000356316
2.514e-006,0.000119914
2.5142e-006,0.000150749
2.5144e-006,0.000452248
2.5146e-006,0.00070578
2.5148e-006,0.000623553
2.515e-006,0.000311777
2.5152e-006,9.25052e-005
2.5154e-006,0.000191863
2.5156e-006,0.000534474
2.5158e-006,0.00076745
2.516e-006,0.000616701
2.5162e-006,0.000205567
2.5164e-006,-6.50962e-005
2.5166e-006,7.19485e-005
2.5168e-006,0.000524196
2.517e-006,0.000856529
2.5172e-006,0.000743467
2.5174e-006,0.000318629
2.5176e-006,5.48179e-005
2.5178e-006,0.000274089
2.518e-006,0.000757172
2.5182e-006,0.000993574
2.5184e-006,0.00068865
2.5186e-006,0.000119914
2.5188e-006,-0.000232976
2.519e-006,-8.22268e-005
2.5192e-006,0.000387151
2.5194e-006,0.000702354
2.5196e-006,0.000565309
2.5198e-006,0.000191863
2.52e-006,3.76873e-005
2.5202e-006,0.000311777
2.5204e-006,0.000825694
2.5206e-006,0.00107237
2.5208e-006,0.000805138
2.521e-006,0.00029122
2.5212e-006,2.39829e-005
2.5214e-006,0.000219272
2.5216e-006,0.000630406
2.5218e-006,0.000764024
2.522e-006,0.000431691
2.5222e-006,-5.8244e-005
2.5224e-006,-0.000236402
2.5226e-006,0.000102784
2.5228e-006,0.000630406
2.523e-006,0.000839399
2.5232e-006,0.000616701
2.5234e-006,0.000239828
2.5236e-006,0.000137045
2.5238e-006,0.0004591
2.524e-006,0.000870234
2.5242e-006,0.000938756
2.5244e-006,0.000568735
2.5246e-006,9.59313e-005
2.5248e-006,-4.45395e-005
2.525e-006,0.000250107
2.5252e-006,0.000681797
2.5254e-006,0.000770876
2.5256e-006,0.00039743
2.5258e-006,-8.9079e-005
2.526e-006,-0.000205567
2.5262e-006,0.000171306
2.5264e-006,0.000685223
2.5266e-006,0.000901069
2.5268e-006,0.000681797
2.527e-006,0.000318629
2.5272e-006,0.000243254
2.5274e-006,0.00052077
2.5276e-006,0.000839399
2.5278e-006,0.000805138
2.528e-006,0.000376873
2.5282e-006,-0.000126766
2.5284e-006,-0.000263811
2.5286e-006,0.000109636
2.5288e-006,0.000626979
2.529e-006,0.000805138
2.5292e-006,0.000544753
2.5294e-006,0.000157601
2.5296e-006,6.85224e-005
2.5298e-006,0.000407708
2.53e-006,0.000815416
2.5302e-006,0.00087366
2.5304e-006,0.000517344
2.5306e-006,5.13918e-005
2.5308e-006,-5.8244e-005
2.531e-006,0.000274089
2.5312e-006,0.000685223
2.5314e-006,0.000774303
2.5316e-006,0.000441969
2.5318e-006,3.42612e-005
2.532e-006,-3.0835e-005
2.5322e-006,0.000322055
2.5324e-006,0.000777729
2.5326e-006,0.000901069
2.5328e-006,0.000561883
2.533e-006,9.93574e-005
2.5332e-006,-3.0835e-005
2.5334e-006,0.000253533
2.5336e-006,0.000664667
2.5338e-006,0.00076745
2.534e-006,0.000469378
2.5342e-006,8.90791e-005
2.5344e-006,6.85227e-006
2.5346e-006,0.000339186
2.5348e-006,0.000757172
2.535e-006,0.000808564
2.5352e-006,0.000445395
2.5354e-006,2.7409e-005
2.5356e-006,-1.02783e-005
2.5358e-006,0.000356316
2.536e-006,0.00075032
2.5362e-006,0.000805138
2.5364e-006,0.000455674
2.5366e-006,4.11134e-005
2.5368e-006,-1.71306e-005
2.537e-006,0.000325481
2.5372e-006,0.000722911
2.5374e-006,0.000757172
2.5376e-006,0.000404282
2.5378e-006,2.39829e-005
2.538e-006,-3.0835e-005
2.5382e-006,0.000328907
2.5384e-006,0.000774303
2.5386e-006,0.000866808
2.5388e-006,0.000534474
2.539e-006,0.000137045
2.5392e-006,5.13918e-005
2.5394e-006,0.000356316
2.5396e-006,0.000736615
2.5398e-006,0.000818842
2.54e-006,0.00052077
2.5402e-006,9.59313e-005
2.5404e-006,-1.37044e-005
2.5406e-006,0.000274089
2.5408e-006,0.000671519
2.541e-006,0.000740041
2.5412e-006,0.000404282
2.5414e-006,5.13918e-005
2.5416e-006,4.11134e-005
2.5418e-006,0.000445395
2.542e-006,0.000914773
2.5422e-006,0.000966165
2.5424e-006,0.000544753
2.5426e-006,3.08351e-005
2.5428e-006,-0.000102783
2.543e-006,0.000232976
2.5432e-006,0.000702354
2.5434e-006,0.000832547
2.5436e-006,0.000496787
2.5438e-006,6.50963e-005
2.544e-006,-2.39828e-005
2.5442e-006,0.000346038
2.5444e-006,0.000801711
2.5446e-006,0.000877086
2.5448e-006,0.000472804
2.545e-006,-4.79656e-005
2.5452e-006,-0.000181584
2.5454e-006,0.000208993
2.5456e-006,0.000760598
2.5458e-006,0.000949035
2.546e-006,0.000599571
2.5462e-006,0.000109636
2.5464e-006,2.7409e-005
2.5466e-006,0.000417986
2.5468e-006,0.000883938
2.547e-006,0.000938756
2.5472e-006,0.000479656
2.5474e-006,-6.16701e-005
2.5476e-006,-0.000202141
2.5478e-006,0.000181584
2.548e-006,0.000695502
2.5482e-006,0.000808564
2.5484e-006,0.000435117
2.5486e-006,2.05567e-005
2.5488e-006,6.85224e-005
2.549e-006,0.000548179
2.5492e-006,0.00100728
2.5494e-006,0.000983296
2.5496e-006,0.000435117
2.5498e-006,-0.000119914
2.55e-006,-0.000174732
2.5502e-006,0.000274089
2.5504e-006,0.000770876
2.5506e-006,0.000846251
2.5508e-006,0.000400856
2.551e-006,-9.25051e-005
2.5512e-006,-0.000119914
2.5514e-006,0.000363168
2.5516e-006,0.000904495
2.5518e-006,0.000959313
2.552e-006,0.000496787
2.5522e-006,3.06954e-011
2.5524e-006,-5.48178e-005
2.5526e-006,0.000356316
2.5528e-006,0.000815416
2.553e-006,0.000877086
2.5532e-006,0.00047623
2.5534e-006,-1.37044e-005
2.5536e-006,-8.22268e-005
2.5538e-006,0.000315203
2.554e-006,0.000736615
2.5542e-006,0.000781155
2.5544e-006,0.000373447
2.5546e-006,-6.50962e-005
2.5548e-006,-3.0835e-005
2.555e-006,0.000479656
2.5552e-006,0.00100728
2.5554e-006,0.00104497
2.5556e-006,0.000544753
2.5558e-006,-3.76873e-005
2.556e-006,-0.000126766
2.5562e-006,0.000328907
2.5564e-006,0.000849677
2.5566e-006,0.000890791
2.5568e-006,0.000376873
2.557e-006,-0.000154175
2.5572e-006,-0.000188436
2.5574e-006,0.000308351
2.5576e-006,0.000877086
2.5578e-006,0.000969591
2.558e-006,0.000510492
2.5582e-006,-1.02783e-005
2.5584e-006,-8.56529e-005
2.5586e-006,0.00033576
2.5588e-006,0.000822268
2.559e-006,0.00087366
2.5592e-006,0.000448821
2.5594e-006,-6.8522e-006
2.5596e-006,-1.37044e-005
2.5598e-006,0.000462526
2.56e-006,0.000973017
2.5602e-006,0.000949035
2.5604e-006,0.000376873
2.5606e-006,-0.000208993
2.5608e-006,-0.000280942
2.561e-006,0.000195289
2.5612e-006,0.00075032
2.5614e-006,0.000894217
2.5616e-006,0.000517344
2.5618e-006,6.85224e-005
2.562e-006,6.50963e-005
2.5622e-006,0.000513918
2.5624e-006,0.000983296
2.5626e-006,0.000997
2.5628e-006,0.000469378
2.563e-006,-9.25051e-005
2.5632e-006,-0.000164454
2.5634e-006,0.000277516
2.5636e-006,0.000794859
2.5638e-006,0.000842825
2.564e-006,0.000404282
2.5642e-006,-5.48178e-005
2.5644e-006,-6.16701e-005
2.5646e-006,0.000435117
2.5648e-006,0.000955887
2.565e-006,0.000949035
2.5652e-006,0.000411134
2.5654e-006,-0.000126766
2.5656e-006,-0.000147323
2.5658e-006,0.000380299
2.566e-006,0.000952461
2.5662e-006,0.00102098
2.5664e-006,0.000503639
2.5666e-006,-7.53745e-005
2.5668e-006,-0.000161027
2.567e-006,0.00024668
2.5672e-006,0.000726337
2.5674e-006,0.000798285
2.5676e-006,0.000407708
2.5678e-006,2.05567e-005
2.568e-006,5.13918e-005
2.5682e-006,0.000503639
2.5684e-006,0.000976443
2.5686e-006,0.000955887
2.5688e-006,0.000407708
2.569e-006,-0.000157601
2.5692e-006,-0.000208993
2.5694e-006,0.000308351
2.5696e-006,0.000870234
2.5698e-006,0.000942182
2.57e-006,0.0004591
2.5702e-006,-9.59313e-005
2.5704e-006,-0.000154175
2.5706e-006,0.000308351
2.5708e-006,0.000856529
2.571e-006,0.000993574
2.5712e-006,0.000599571
2.5714e-006,8.90791e-005
2.5716e-006,-3.42609e-006
2.5718e-006,0.000400856
2.572e-006,0.000870234
2.5722e-006,0.000887364
2.5724e-006,0.000424839
2.5726e-006,-9.93574e-005
2.5728e-006,-0.000188436
2.573e-006,0.000267237
2.5732e-006,0.000815416
2.5734e-006,0.000894217
2.5736e-006,0.000465952
2.5738e-006,-1.02783e-005
2.574e-006,-4.79656e-005
2.5742e-006,0.000421412
2.5744e-006,0.000945608
2.5746e-006,0.000969591
2.5748e-006,0.000441969
2.575e-006,-0.000119914
2.5752e-006,-0.000181584
2.5754e-006,0.000308351
2.5756e-006,0.000859955
2.5758e-006,0.000945608
2.576e-006,0.00052077
2.5762e-006,3.08351e-005
2.5764e-006,-5.13917e-005
2.5766e-006,0.000332333
2.5768e-006,0.000770876
2.577e-006,0.000788007
2.5772e-006,0.000342612
2.5774e-006,-9.59313e-005
2.5776e-006,-7.19484e-005
2.5778e-006,0.000441969
2.578e-006,0.000983296
2.5782e-006,0.000997
2.5784e-006,0.000469378
2.5786e-006,-7.19484e-005
2.5788e-006,-0.000154175
2.579e-006,0.000301498
2.5792e-006,0.000856529
2.5794e-006,0.000949035
2.5796e-006,0.000489935
2.5798e-006,-6.16701e-005
2.58e-006,-0.000137045
2.5802e-006,0.000315203
2.5804e-006,0.000866808
2.5806e-006,0.000945608
2.5808e-006,0.000462526
2.581e-006,-6.50962e-005
2.5812e-006,-0.000133619
2.5814e-006,0.000332333
2.5816e-006,0.000863382
2.5818e-006,0.00093533
2.582e-006,0.000489935
2.5822e-006,-4.45395e-005
2.5824e-006,-0.000113062
2.5826e-006,0.000376873
2.5828e-006,0.000890791
2.583e-006,0.000904495
2.5832e-006,0.000400856
2.5834e-006,-0.00010621
2.5836e-006,-0.000116488
2.5838e-006,0.000383725
2.584e-006,0.000911347
2.5842e-006,0.000949035
2.5844e-006,0.000455674
2.5846e-006,-9.93574e-005
2.5848e-006,-0.000147323
2.585e-006,0.000349464
2.5852e-006,0.000907921
2.5854e-006,0.000966165
2.5856e-006,0.000441969
2.5858e-006,-0.000161027
2.586e-006,-0.00024668
2.5862e-006,0.00029122
2.5864e-006,0.000966165
2.5866e-006,0.00112719
2.5868e-006,0.000661241
2.587e-006,1.71306e-005
2.5872e-006,-0.000202141
2.5874e-006,0.000147323
2.5876e-006,0.000654388
2.5878e-006,0.00081199
2.588e-006,0.000469378
2.5882e-006,3.08351e-005
2.5884e-006,-3.42611e-005
2.5886e-006,0.000387151
2.5888e-006,0.000877086
2.589e-006,0.000901069
2.5892e-006,0.00041456
2.5894e-006,-0.000109636
2.5896e-006,-0.00016788
2.5898e-006,0.000339186
2.59e-006,0.000918199
2.5902e-006,0.000969591
2.5904e-006,0.000472804
2.5906e-006,-9.93574e-005
2.5908e-006,-0.00018501
2.591e-006,0.00029122
2.5912e-006,0.000849677
2.5914e-006,0.000931904
2.5916e-006,0.000483083
2.5918e-006,1.02784e-005
2.592e-006,-1.71306e-005
2.5922e-006,0.000452248
2.5924e-006,0.000942182
2.5926e-006,0.000952461
2.5928e-006,0.000445395
2.593e-006,-0.000116488
2.5932e-006,-0.000191863
2.5934e-006,0.000274089
2.5936e-006,0.000818842
2.5938e-006,0.00087366
2.594e-006,0.000404282
2.5942e-006,-8.56529e-005
2.5944e-006,-6.85223e-005
2.5946e-006,0.000483083
2.5948e-006,0.00102441
2.595e-006,0.00105182
2.5952e-006,0.000507065
2.5954e-006,-0.00012334
2.5956e-006,-0.000236402
2.5958e-006,0.000202141
2.596e-006,0.000753746
2.5962e-006,0.000866808
2.5964e-006,0.000431691
2.5966e-006,-4.11134e-005
2.5968e-006,-5.13917e-005
2.597e-006,0.000438543
2.5972e-006,0.000973017
2.5974e-006,0.00102441
2.5976e-006,0.000555031
2.5978e-006,1.02784e-005
2.598e-006,-8.56529e-005
2.5982e-006,0.000346038
2.5984e-006,0.000853103
2.5986e-006,0.000897643
2.5988e-006,0.000376873
2.599e-006,-0.000188436
2.5992e-006,-0.000239828
2.5994e-006,0.000284368
2.5996e-006,0.000877086
2.5998e-006,0.000969591
2.6e-006,0.000527622
2.6002e-006,2.05567e-005
2.6004e-006,-3.0835e-005
2.6006e-006,0.000417986
2.6008e-006,0.000918199
2.601e-006,0.000966165
2.6012e-006,0.000503639
2.6014e-006,-5.13917e-005
2.6016e-006,-0.000178158
2.6018e-006,0.000236402
2.602e-006,0.000764024
2.6022e-006,0.000853103
2.6024e-006,0.00041456
2.6026e-006,-7.19484e-005
2.6028e-006,-6.50962e-005
2.603e-006,0.000469378
2.6032e-006,0.000993574
2.6034e-006,0.00097987
2.6036e-006,0.000438543
2.6038e-006,-0.000119914
2.604e-006,-0.000171306
2.6042e-006,0.000346038
2.6044e-006,0.000949035
2.6046e-006,0.00102441
2.6048e-006,0.000493361
2.605e-006,-0.000119914
2.6052e-006,-0.000236402
2.6054e-006,0.000253533
2.6056e-006,0.000849677
2.6058e-006,0.000966165
2.606e-006,0.000544753
2.6062e-006,3.08351e-005
2.6064e-006,-6.16701e-005
2.6066e-006,0.000339186
2.6068e-006,0.000805138
2.607e-006,0.000839399
2.6072e-006,0.000363168
2.6074e-006,-0.000116488
2.6076e-006,-8.9079e-005
2.6078e-006,0.000469378
2.608e-006,0.00103811
2.6082e-006,0.00104154
2.6084e-006,0.000489935
2.6086e-006,-0.000130192
2.6088e-006,-0.000239828
2.609e-006,0.000284368
2.6092e-006,0.000911347
2.6094e-006,0.00102784
2.6096e-006,0.0005379
2.6098e-006,-5.8244e-005
2.61e-006,-0.000174732
2.6102e-006,0.000250107
2.6104e-006,0.000784581
2.6106e-006,0.000907921
2.6108e-006,0.000531048
2.611e-006,7.88007e-005
2.6112e-006,2.7409e-005
2.6114e-006,0.000452248
2.6116e-006,0.000863382
2.6118e-006,0.000784581
2.612e-006,0.000256959
2.6122e-006,-0.000215845
2.6124e-006,-0.000133619
2.6126e-006,0.000489935
2.6128e-006,0.00110321
2.613e-006,0.00108951
2.6132e-006,0.000448821
2.6134e-006,-0.000212419
2.6136e-006,-0.000294646
2.6138e-006,0.000222698
2.614e-006,0.000863382
2.6142e-006,0.00103469
2.6144e-006,0.000592718
2.6146e-006,2.39829e-005
2.6148e-006,-0.00010621
2.615e-006,0.000301498
2.6152e-006,0.000784581
2.6154e-006,0.000794859
2.6156e-006,0.000301498
2.6158e-006,-0.00016788
2.616e-006,-0.000109636
2.6162e-006,0.000465952
2.6164e-006,0.00103126
2.6166e-006,0.00103469
2.6168e-006,0.000486509
2.617e-006,-9.59313e-005
2.6172e-006,-0.00016788
2.6174e-006,0.000346038
2.6176e-006,0.000921626
2.6178e-006,0.000976443
2.618e-006,0.000445395
2.6182e-006,-0.000164454
2.6184e-006,-0.000274089
2.6186e-006,0.000202141
2.6188e-006,0.000808564
2.619e-006,0.000969591
2.6192e-006,0.000572162
2.6194e-006,6.85224e-005
2.6196e-006,6.85227e-006
2.6198e-006,0.000445395
2.62e-006,0.00093533
2.6202e-006,0.00093533
2.6204e-006,0.000390577
2.6206e-006,-0.000171306
2.6208e-006,-0.000157601
2.621e-006,0.000421412
2.6212e-006,0.000986722
2.6214e-006,0.000990148
2.6216e-006,0.000390577
2.6218e-006,-0.000219271
2.622e-006,-0.000243254
2.6222e-006,0.000311777
2.6224e-006,0.000925052
2.6226e-006,0.000993574
2.6228e-006,0.000452248
2.623e-006,-0.000133619
2.6232e-006,-0.000181584
2.6234e-006,0.000346038
2.6236e-006,0.00093533
2.6238e-006,0.00101756
2.624e-006,0.000524196
2.6242e-006,-3.76873e-005
2.6244e-006,-0.000119914
2.6246e-006,0.000328907
2.6248e-006,0.00082912
2.625e-006,0.00082912
2.6252e-006,0.000339186
2.6254e-006,-0.000102783
2.6256e-006,-3.0835e-005
2.6258e-006,0.000548179
2.626e-006,0.00105867
2.6262e-006,0.000959313
2.6264e-006,0.000342612
2.6266e-006,-0.000256959
2.6268e-006,-0.000253533
2.627e-006,0.00035289
2.6272e-006,0.00097987
2.6274e-006,0.00104154
2.6276e-006,0.000524196
2.6278e-006,-7.19484e-005
2.628e-006,-0.000181584
2.6282e-006,0.000301498
2.6284e-006,0.000839399
2.6286e-006,0.000918199
2.6288e-006,0.000503639
2.629e-006,5.48179e-005
2.6292e-006,6.16701e-005
2.6294e-006,0.000486509
2.6296e-006,0.000818842
2.6298e-006,0.000692076
2.63e-006,0.00016788
2.6302e-006,-0.000260385
2.6304e-006,-0.00012334
2.6306e-006,0.000507065
2.6308e-006,0.00109636
2.631e-006,0.00110664
2.6312e-006,0.000531048
2.6314e-006,-5.48178e-005
2.6316e-006,-0.000130192
2.6318e-006,0.000294646
2.632e-006,0.000770876
2.6322e-006,0.000849677
2.6324e-006,0.00047623
2.6326e-006,7.19485e-005
2.6328e-006,6.50963e-005
2.633e-006,0.000448821
2.6332e-006,0.000818842
2.6334e-006,0.000743467
2.6336e-006,0.000232976
2.6338e-006,-0.000164454
2.634e-006,-4.45395e-005
2.6342e-006,0.000489935
2.6344e-006,0.000969591
2.6346e-006,0.000952461
2.6348e-006,0.000462526
2.635e-006,-1.71306e-005
2.6352e-006,-2.39828e-005
2.6354e-006,0.000421412
2.6356e-006,0.000842825
2.6358e-006,0.000801711
2.636e-006,0.000318629
2.6362e-006,-0.00010621
2.6364e-006,-1.71306e-005
2.6366e-006,0.000489935
2.6368e-006,0.000949035
2.637e-006,0.000901069
2.6372e-006,0.000356316
2.6374e-006,-0.000154175
2.6376e-006,-0.000154175
2.6378e-006,0.000359742
2.638e-006,0.000894217
2.6382e-006,0.000931904
2.6384e-006,0.000462526
2.6386e-006,-2.05567e-005
2.6388e-006,-3.0835e-005
2.639e-006,0.000428265
2.6392e-006,0.000880512
2.6394e-006,0.000839399
2.6396e-006,0.000339186
2.6398e-006,-0.000102783
2.64e-006,-6.85223e-005
2.6402e-006,0.000400856
2.6404e-006,0.00087366
2.6406e-006,0.000901069
2.6408e-006,0.000448821
2.641e-006,3.42615e-006
2.6412e-006,6.85227e-006
2.6414e-006,0.000404282
2.6416e-006,0.000784581
2.6418e-006,0.000719485
2.642e-006,0.000232976
2.6422e-006,-0.000161027
2.6424e-006,-2.39828e-005
2.6426e-006,0.000575588
2.6428e-006,0.0010758
2.643e-006,0.00100385
2.6432e-006,0.000428265
2.6434e-006,-0.000143897
2.6436e-006,-0.000188436
2.6438e-006,0.000332333
2.644e-006,0.000870234
2.6442e-006,0.000897643
2.6444e-006,0.000421412
2.6446e-006,-6.85223e-005
2.6448e-006,-0.00012334
2.645e-006,0.000274089
2.6452e-006,0.000774303
2.6454e-006,0.000853103
2.6456e-006,0.000483083
2.6458e-006,0.000126766
2.646e-006,0.000150749
2.6462e-006,0.000524196
2.6464e-006,0.000835973
2.6466e-006,0.000733189
2.6468e-006,0.000280942
2.647e-006,-9.59313e-005
2.6472e-006,-1.71306e-005
2.6474e-006,0.0004591
2.6476e-006,0.000870234
2.6478e-006,0.000846251
2.648e-006,0.000445395
2.6482e-006,7.19485e-005
2.6484e-006,2.39829e-005
2.6486e-006,0.000308351
2.6488e-006,0.000616701
2.649e-006,0.000657815
2.6492e-006,0.000424839
2.6494e-006,0.000205567
2.6496e-006,0.000253533
2.6498e-006,0.000469378
2.65e-006,0.000616701
2.6502e-006,0.000551605
2.6504e-006,0.000328907
2.6506e-006,0.000174732
2.6508e-006,0.000226124
2.651e-006,0.00041456
2.6512e-006,0.000568735
2.6514e-006,0.000551605
2.6516e-006,0.000404282
2.6518e-006,0.000294646
2.652e-006,0.000301498
2.6522e-006,0.000383725
2.6524e-006,0.000489935
2.6526e-006,0.00052077
2.6528e-006,0.000387151
2.653e-006,0.000222698
2.6532e-006,0.000147323
2.6534e-006,0.000219272
2.6536e-006,0.00041456
2.6538e-006,0.000599571
2.654e-006,0.000650962
2.6542e-006,0.00052077
2.6544e-006,0.00033576
2.6546e-006,0.00029122
2.6548e-006,0.000424839
2.655e-006,0.000575588
2.6552e-006,0.000565309
2.6554e-006,0.000380299
2.6556e-006,0.000181584
2.6558e-006,0.00016788
2.656e-006,0.00035289
2.6562e-006,0.000507065
2.6564e-006,0.000486509
2.6566e-006,0.000304924
2.6568e-006,0.000150749
2.657e-006,0.000239828
2.6572e-006,0.000531048
2.6574e-006,0.000770876
2.6576e-006,0.000716059
2.6578e-006,0.000411134
2.658e-006,0.000119914
2.6582e-006,7.53746e-005
2.6584e-006,0.000315203
2.6586e-006,0.000544753
2.6588e-006,0.000565309
2.659e-006,0.000387151
2.6592e-006,0.000195289
2.6594e-006,0.000239828
2.6596e-006,0.000510492
2.6598e-006,0.000722911
2.66e-006,0.000650962
2.6602e-006,0.000339186
2.6604e-006,7.19485e-005
2.6606e-006,9.93574e-005
2.6608e-006,0.000380299
2.661e-006,0.000637258
2.6612e-006,0.000650962
2.6614e-006,0.000435117
2.6616e-006,0.000226124
2.6618e-006,0.000260385
2.662e-006,0.000493361
2.6622e-006,0.000633832
2.6624e-006,0.000510492
2.6626e-006,0.000212419
2.6628e-006,3.76873e-005
2.663e-006,0.000191863
2.6632e-006,0.000548179
2.6634e-006,0.000774303
2.6636e-006,0.000657815
2.6638e-006,0.000346038
2.664e-006,0.000126766
2.6642e-006,0.000188436
2.6644e-006,0.000465952
2.6646e-006,0.000657815
2.6648e-006,0.000572162
2.665e-006,0.000298072
2.6652e-006,0.00010621
2.6654e-006,0.00018501
2.6656e-006,0.00047623
2.6658e-006,0.00068865
2.666e-006,0.000620127
2.6662e-006,0.00035289
2.6664e-006,0.000150749
2.6666e-006,0.00024668
2.6668e-006,0.000531048
2.667e-006,0.000712632
2.6672e-006,0.000640684
2.6674e-006,0.000376873
2.6676e-006,0.000161028
2.6678e-006,0.00018501
2.668e-006,0.000411134
2.6682e-006,0.000565309
2.6684e-006,0.000469378
2.6686e-006,0.000250107
2.6688e-006,0.000133619
2.669e-006,0.00022955
2.6692e-006,0.00047623
2.6694e-006,0.000668093
2.6696e-006,0.000599571
2.6698e-006,0.000387151
2.67e-006,0.000301498
2.6702e-006,0.000431691
2.6704e-006,0.000685223
2.6706e-006,0.000760598
2.6708e-006,0.000541327
2.671e-006,0.000174732
2.6712e-006,-9.25051e-005
2.6714e-006,-1.37044e-005
2.6716e-006,0.000363168
2.6718e-006,0.000654388
2.672e-006,0.000633832
2.6722e-006,0.000421412
2.6724e-006,0.000232976
2.6726e-006,0.000260385
2.6728e-006,0.000493361
2.673e-006,0.000664667
2.6732e-006,0.000568735
2.6734e-006,0.00033576
2.6736e-006,0.000205567
2.6738e-006,0.000301498
2.674e-006,0.000555031
2.6742e-006,0.000664667
2.6744e-006,0.000513918
2.6746e-006,0.000280942
2.6748e-006,0.000178158
2.675e-006,0.000315203
2.6752e-006,0.000568735
2.6754e-006,0.000671519
2.6756e-006,0.000493361
2.6758e-006,0.000154175
2.676e-006,-6.85223e-005
2.6762e-006,3.76873e-005
2.6764e-006,0.000383725
2.6766e-006,0.000671519
2.6768e-006,0.00075032
2.677e-006,0.000633832
2.6772e-006,0.000455674
2.6774e-006,0.000366595
2.6776e-006,0.00041456
2.6778e-006,0.000496787
2.678e-006,0.000455674
2.6782e-006,0.000267237
2.6784e-006,0.000113062
2.6786e-006,0.000140471
2.6788e-006,0.00033576
2.679e-006,0.000575588
2.6792e-006,0.000637258
2.6794e-006,0.000486509
2.6796e-006,0.000287794
2.6798e-006,0.000202141
2.68e-006,0.000322055
2.6802e-006,0.000513918
2.6804e-006,0.000613275
2.6806e-006,0.000524196
2.6808e-006,0.000339186
2.681e-006,0.000267237
2.6812e-006,0.000407708
2.6814e-006,0.000602997
2.6816e-006,0.000640684
2.6818e-006,0.000465952
2.682e-006,0.000181584
2.6822e-006,6.16701e-005
2.6824e-006,0.000236402
2.6826e-006,0.000517344
2.6828e-006,0.000616701
2.683e-006,0.0004591
2.6832e-006,0.000219272
2.6834e-006,0.000174732
2.6836e-006,0.000366595
2.6838e-006,0.000609849
2.684e-006,0.000681797
2.6842e-006,0.000510492
2.6844e-006,0.000256959
2.6846e-006,0.00018501
2.6848e-006,0.000359742
2.685e-006,0.000596144
2.6852e-006,0.000633832
2.6854e-006,0.000417986
2.6856e-006,0.000171306
2.6858e-006,0.000126766
2.686e-006,0.000328907
2.6862e-006,0.000575588
2.6864e-006,0.000630406
2.6866e-006,0.000465952
2.6868e-006,0.000222698
2.687e-006,0.000178158
2.6872e-006,0.000383725
2.6874e-006,0.000599571
2.6876e-006,0.000661241
2.6878e-006,0.000513918
2.688e-006,0.000322055
2.6882e-006,0.000294646
2.6884e-006,0.000411134
2.6886e-006,0.0005379
2.6888e-006,0.000493361
2.689e-006,0.000274089
2.6892e-006,9.93574e-005
2.6894e-006,0.000205567
2.6896e-006,0.000517344
2.6898e-006,0.000736615
2.69e-006,0.000692076
2.6902e-006,0.000376873
2.6904e-006,6.50963e-005
2.6906e-006,7.53746e-005
2.6908e-006,0.000390577
2.691e-006,0.000712632
2.6912e-006,0.000729763
2.6914e-006,0.000438543
2.6916e-006,0.000157601
2.6918e-006,0.000154175
2.692e-006,0.000428265
2.6922e-006,0.00068865
2.6924e-006,0.000654388
2.6926e-006,0.000356316
2.6928e-006,8.5653e-005
2.693e-006,7.53746e-005
2.6932e-006,0.000325481
2.6934e-006,0.000616701
2.6936e-006,0.000681797
2.6938e-006,0.000469378
2.694e-006,0.000205567
2.6942e-006,0.000174732
2.6944e-006,0.000421412
2.6946e-006,0.000674945
2.6948e-006,0.000716059
2.695e-006,0.000513918
2.6952e-006,0.000243254
2.6954e-006,0.000171306
2.6956e-006,0.000346038
2.6958e-006,0.000551605
2.696e-006,0.000555031
2.6962e-006,0.000356316
2.6964e-006,0.000143897
2.6966e-006,0.000150749
2.6968e-006,0.000400856
2.697e-006,0.00068865
2.6972e-006,0.000709206
2.6974e-006,0.000445395
2.6976e-006,0.000164454
2.6978e-006,0.000137045
2.698e-006,0.000394004
2.6982e-006,0.000671519
2.6984e-006,0.000719485
2.6986e-006,0.000510492
2.6988e-006,0.000236402
2.699e-006,0.000161028
2.6992e-006,0.000332333
2.6994e-006,0.000517344
2.6996e-006,0.000500213
2.6998e-006,0.00029122
2.7e-006,0.000126766
2.7002e-006,0.000215845
2.7004e-006,0.000513918
2.7006e-006,0.000760598
2.7008e-006,0.000702354
2.701e-006,0.000387151
2.7012e-006,0.000126766
2.7014e-006,0.000161028
2.7016e-006,0.000452248
2.7018e-006,0.000726337
2.702e-006,0.000681797
2.7022e-006,0.000356316
2.7024e-006,5.8244e-005
2.7026e-006,4.45396e-005
2.7028e-006,0.000318629
2.703e-006,0.000620127
2.7032e-006,0.000685223
2.7034e-006,0.000493361
2.7036e-006,0.000280942
2.7038e-006,0.000267237
2.704e-006,0.000441969
2.7042e-006,0.000647536
2.7044e-006,0.000647536
2.7046e-006,0.000390577
2.7048e-006,0.000126766
2.705e-006,8.5653e-005
2.7052e-006,0.00029122
2.7054e-006,0.000531048
2.7056e-006,0.000561883
2.7058e-006,0.000346038
2.706e-006,0.000126766
2.7062e-006,0.000181584
2.7064e-006,0.000465952
2.7066e-006,0.000736615
2.7068e-006,0.000760598
2.707e-006,0.000513918
2.7072e-006,0.00024668
2.7074e-006,0.000205567
2.7076e-006,0.000400856
2.7078e-006,0.000606423
2.708e-006,0.000561883
2.7082e-006,0.000301498
2.7084e-006,6.16701e-005
2.7086e-006,6.50963e-005
2.7088e-006,0.000322055
2.709e-006,0.000585866
2.7092e-006,0.000623553
2.7094e-006,0.000445395
2.7096e-006,0.000243254
2.7098e-006,0.000243254
2.71e-006,0.000469378
2.7102e-006,0.000685223
2.7104e-006,0.000685223
2.7106e-006,0.000483083
2.7108e-006,0.000253533
2.711e-006,0.000208993
2.7112e-006,0.000424839
2.7114e-006,0.000630406
2.7116e-006,0.000575588
2.7118e-006,0.000322055
2.712e-006,8.90791e-005
2.7122e-006,8.22268e-005
2.7124e-006,0.000308351
2.7126e-006,0.000551605
2.7128e-006,0.000575588
2.713e-006,0.000394004
2.7132e-006,0.000212419
2.7134e-006,0.000263811
2.7136e-006,0.000496787
2.7138e-006,0.000709206
2.714e-006,0.000698928
2.7142e-006,0.000462526
2.7144e-006,0.000274089
2.7146e-006,0.000315203
2.7148e-006,0.000493361
2.715e-006,0.000541327
2.7152e-006,0.000339186
2.7154e-006,3.08351e-005
2.7156e-006,-0.000113062
2.7158e-006,8.22268e-005
2.716e-006,0.000507065
2.7162e-006,0.00082912
2.7164e-006,0.00081199
2.7166e-006,0.000531048
2.7168e-006,0.000253533
2.717e-006,0.000232976
2.7172e-006,0.000438543
2.7174e-006,0.000572162
2.7176e-006,0.000462526
2.7178e-006,0.000219272
2.718e-006,0.000102784
2.7182e-006,0.000260385
2.7184e-006,0.000585866
2.7186e-006,0.000733189
2.7188e-006,0.000568735
2.719e-006,0.000280942
2.7192e-006,0.000119914
2.7194e-006,0.00024668
2.7196e-006,0.000493361
2.7198e-006,0.000606423
2.72e-006,0.00047623
2.7202e-006,0.000236402
2.7204e-006,0.000137045
2.7206e-006,0.000304924
2.7208e-006,0.000602997
2.721e-006,0.000729763
2.7212e-006,0.000565309
2.7214e-006,0.000304924
2.7216e-006,0.000198715
2.7218e-006,0.000311777
2.722e-006,0.000531048
2.7222e-006,0.000623553
2.7224e-006,0.000462526
2.7226e-006,0.000202141
2.7228e-006,0.000130192
2.723e-006,0.000339186
2.7232e-006,0.000623553
2.7234e-006,0.000716059
2.7236e-006,0.000572162
2.7238e-006,0.000304924
2.724e-006,0.000157601
2.7242e-006,0.000250107
2.7244e-006,0.000441969
2.7246e-006,0.00052077
2.7248e-006,0.000435117
2.725e-006,0.000294646
2.7252e-006,0.000263811
2.7254e-006,0.000417986
2.7256e-006,0.000602997
2.7258e-006,0.000613275
2.726e-006,0.000421412
2.7262e-006,0.000236402
2.7264e-006,0.000232976
2.7266e-006,0.000438543
2.7268e-006,0.000681797
2.727e-006,0.00070578
2.7272e-006,0.000462526
2.7274e-006,0.000137045
2.7276e-006,3.42615e-006
2.7278e-006,0.000143897
2.728e-006,0.000411134
2.7282e-006,0.000585866
2.7284e-006,0.0005379
2.7286e-006,0.000400856
2.7288e-006,0.000387151
2.729e-006,0.000517344
2.7292e-006,0.000671519
2.7294e-006,0.000664667
2.7296e-006,0.000424839
2.7298e-006,0.000116488
2.73e-006,2.05567e-005
2.7302e-006,0.000243254
2.7304e-006,0.000541327
2.7306e-006,0.000661241
2.7308e-006,0.000534474
2.731e-006,0.000267237
2.7312e-006,0.00012334
2.7314e-006,0.000202141
2.7316e-006,0.000387151
2.7318e-006,0.000517344
2.732e-006,0.000513918
2.7322e-006,0.000431691
2.7324e-006,0.000438543
2.7326e-006,0.000575588
2.7328e-006,0.000692076
2.733e-006,0.000602997
2.7332e-006,0.000332333
2.7334e-006,7.88007e-005
2.7336e-006,-3.42609e-006
2.7338e-006,0.000147323
2.734e-006,0.000407708
2.7342e-006,0.000579014
2.7344e-006,0.000551605
2.7346e-006,0.000411134
2.7348e-006,0.000363168
2.735e-006,0.000496787
2.7352e-006,0.000681797
2.7354e-006,0.000712632
2.7356e-006,0.000507065
2.7358e-006,0.000212419
2.736e-006,6.16701e-005
2.7362e-006,0.00016788
2.7364e-006,0.000435117
2.7366e-006,0.000572162
2.7368e-006,0.000452248
2.737e-006,0.000274089
2.7372e-006,0.000215845
2.7374e-006,0.000363168
2.7376e-006,0.000589292
2.7378e-006,0.000623553
2.738e-006,0.00047623
2.7382e-006,0.000304924
2.7384e-006,0.00022955
2.7386e-006,0.00033576
2.7388e-006,0.000548179
2.739e-006,0.000640684
2.7392e-006,0.000510492
2.7394e-006,0.000274089
2.7396e-006,0.000126766
2.7398e-006,0.000215845
2.74e-006,0.000411134
2.7402e-006,0.000486509
2.7404e-006,0.000383725
2.7406e-006,0.000239828
2.7408e-006,0.000260385
2.741e-006,0.000517344
2.7412e-006,0.000777729
2.7414e-006,0.000753746
2.7416e-006,0.000503639
2.7418e-006,0.000243254
2.742e-006,0.000150749
2.7422e-006,0.000287794
2.7424e-006,0.000489935
2.7426e-006,0.000558457
2.7428e-006,0.000441969
2.743e-006,0.000250107
2.7432e-006,0.000174732
2.7434e-006,0.000298072
2.7436e-006,0.000486509
2.7438e-006,0.000572162
2.744e-006,0.000500213
2.7442e-006,0.00033576
2.7444e-006,0.000267237
2.7446e-006,0.000349464
2.7448e-006,0.000500213
2.745e-006,0.000572162
2.7452e-006,0.000500213
2.7454e-006,0.000400856
2.7456e-006,0.000363168
2.7458e-006,0.000417986
2.746e-006,0.000517344
2.7462e-006,0.000510492
2.7464e-006,0.000390577
2.7466e-006,0.000253533
2.7468e-006,0.000174732
2.747e-006,0.000215845
2.7472e-006,0.000356316
2.7474e-006,0.000469378
2.7476e-006,0.000469378
2.7478e-006,0.000394004
2.748e-006,0.000376873
2.7482e-006,0.000483083
2.7484e-006,0.000606423
2.7486e-006,0.000623553
2.7488e-006,0.000500213
2.749e-006,0.000311777
2.7492e-006,0.000232976
2.7494e-006,0.000308351
2.7496e-006,0.000472804
2.7498e-006,0.000541327
2.75e-006,0.000387151
2.7502e-006,0.000178158
2.7504e-006,0.00010621
2.7506e-006,0.000274089
2.7508e-006,0.000531048
2.751e-006,0.000664667
2.7512e-006,0.000606423
2.7514e-006,0.000441969
2.7516e-006,0.00033576
2.7518e-006,0.000359742
2.752e-006,0.000448821
2.7522e-006,0.00047623
2.7524e-006,0.000383725
2.7526e-006,0.000274089
2.7528e-006,0.000301498
2.753e-006,0.000472804
2.7532e-006,0.000623553
2.7534e-006,0.000640684
2.7536e-006,0.000452248
2.7538e-006,0.000215845
2.754e-006,0.000178158
2.7542e-006,0.000304924
2.7544e-006,0.000462526
2.7546e-006,0.00052077
2.7548e-006,0.000438543
2.755e-006,0.000301498
2.7552e-006,0.000277516
2.7554e-006,0.000411134
2.7556e-006,0.000572162
2.7558e-006,0.000602997
2.756e-006,0.000500213
2.7562e-006,0.000342612
2.7564e-006,0.000232976
2.7566e-006,0.000277516
2.7568e-006,0.000448821
2.757e-006,0.000534474
2.7572e-006,0.000435117
2.7574e-006,0.000301498
2.7576e-006,0.000243254
2.7578e-006,0.000328907
2.758e-006,0.000527622
2.7582e-006,0.000630406
2.7584e-006,0.000510492
2.7586e-006,0.000308351
2.7588e-006,0.000205567
2.759e-006,0.000280942
2.7592e-006,0.00047623
2.7594e-006,0.000551605
2.7596e-006,0.000438543
2.7598e-006,0.000277516
2.76e-006,0.000243254
2.7602e-006,0.000366595
2.7604e-006,0.000541327
2.7606e-006,0.000616701
2.7608e-006,0.000534474
2.761e-006,0.000359742
2.7612e-006,0.000267237
2.7614e-006,0.00035289
2.7616e-006,0.000503639
2.7618e-006,0.000565309
2.762e-006,0.000438543
2.7622e-006,0.000232976
2.7624e-006,0.000126766
2.7626e-006,0.00022955
2.7628e-006,0.000469378
2.763e-006,0.000620127
2.7632e-006,0.000568735
2.7634e-006,0.000404282
2.7636e-006,0.000298072
2.7638e-006,0.00033576
2.764e-006,0.000472804
2.7642e-006,0.000551605
2.7644e-006,0.000479656
2.7646e-006,0.000339186
2.7648e-006,0.000274089
2.765e-006,0.000349464
2.7652e-006,0.000500213
2.7654e-006,0.000551605
2.7656e-006,0.000417986
2.7658e-006,0.00022955
2.766e-006,0.000188436
2.7662e-006,0.000339186
2.7664e-006,0.000527622
2.7666e-006,0.000568735
2.7668e-006,0.000438543
2.767e-006,0.000270663
2.7672e-006,0.000232976
2.7674e-006,0.000387151
2.7676e-006,0.000606423
2.7678e-006,0.000678371
2.768e-006,0.0005379
2.7682e-006,0.000328907
2.7684e-006,0.000219272
2.7686e-006,0.00024668
2.7688e-006,0.000328907
2.769e-006,0.000376873
2.7692e-006,0.000339186
2.7694e-006,0.000301498
2.7696e-006,0.000370021
2.7698e-006,0.0005379
2.77e-006,0.000674945
2.7702e-006,0.000616701
2.7704e-006,0.000373447
2.7706e-006,0.000147323
2.7708e-006,0.000154175
2.771e-006,0.000390577
2.7712e-006,0.00064411
2.7714e-006,0.000692076
2.7716e-006,0.000489935
2.7718e-006,0.00024668
2.772e-006,0.000154175
2.7722e-006,0.000263811
2.7724e-006,0.000455674
2.7726e-006,0.000561883
2.7728e-006,0.000493361
2.773e-006,0.00033576
2.7732e-006,0.000274089
2.7734e-006,0.000380299
2.7736e-006,0.000507065
2.7738e-006,0.000507065
2.774e-006,0.00035289
2.7742e-006,0.000212419
2.7744e-006,0.000274089
2.7746e-006,0.000486509
2.7748e-006,0.000674945
2.775e-006,0.000664667
2.7752e-006,0.000421412
2.7754e-006,0.000150749
2.7756e-006,0.000116488
2.7758e-006,0.000356316
2.776e-006,0.000657815
2.7762e-006,0.000743467
2.7764e-006,0.000548179
2.7766e-006,0.000284368
2.7768e-006,0.000147323
2.777e-006,0.000202141
2.7772e-006,0.000370021
2.7774e-006,0.000448821
2.7776e-006,0.000390577
2.7778e-006,0.000311777
2.778e-006,0.000346038
2.7782e-006,0.000531048
2.7784e-006,0.000671519
2.7786e-006,0.000602997
2.7788e-006,0.000349464
2.779e-006,0.000119914
2.7792e-006,0.000147323
2.7794e-006,0.000376873
2.7796e-006,0.000620127
2.7798e-006,0.000650962
2.78e-006,0.000448821
2.7802e-006,0.000250107
2.7804e-006,0.000219272
2.7806e-006,0.000383725
2.7808e-006,0.000602997
2.781e-006,0.000613275
2.7812e-006,0.000431691
2.7814e-006,0.000222698
2.7816e-006,0.00016788
2.7818e-006,0.000315203
2.782e-006,0.000469378
2.7822e-006,0.000489935
2.7824e-006,0.000380299
2.7826e-006,0.000253533
2.7828e-006,0.000274089
2.783e-006,0.0004591
2.7832e-006,0.000623553
2.7834e-006,0.000575588
2.7836e-006,0.000370021
2.7838e-006,0.000226124
2.784e-006,0.000287794
2.7842e-006,0.000531048
2.7844e-006,0.000729763
2.7846e-006,0.000668093
2.7848e-006,0.000390577
2.785e-006,0.000119914
2.7852e-006,5.13918e-005
2.7854e-006,0.000208993
2.7856e-006,0.000441969
2.7858e-006,0.000561883
2.786e-006,0.000510492
2.7862e-006,0.00039743
2.7864e-006,0.000370021
2.7866e-006,0.000483083
2.7868e-006,0.000609849
2.787e-006,0.000572162
2.7872e-006,0.000359742
2.7874e-006,0.000181584
2.7876e-006,0.000191863
2.7878e-006,0.000390577
2.788e-006,0.000589292
2.7882e-006,0.000589292
2.7884e-006,0.000390577
2.7886e-006,0.000191863
2.7888e-006,0.000181584
2.789e-006,0.000356316
2.7892e-006,0.000558457
2.7894e-006,0.000592718
2.7896e-006,0.000435117
2.7898e-006,0.000260385
2.79e-006,0.000239828
2.7902e-006,0.000366595
2.7904e-006,0.000507065
2.7906e-006,0.000534474
2.7908e-006,0.000404282
2.791e-006,0.00022955
2.7912e-006,0.000232976
2.7914e-006,0.000421412
2.7916e-006,0.000637258
2.7918e-006,0.00064411
2.792e-006,0.000417986
2.7922e-006,0.000181584
2.7924e-006,0.000126766
2.7926e-006,0.000322055
2.7928e-006,0.000596144
2.793e-006,0.000678371
2.7932e-006,0.000513918
2.7934e-006,0.000284368
2.7936e-006,0.00018501
2.7938e-006,0.000298072
2.794e-006,0.000469378
2.7942e-006,0.000493361
2.7944e-006,0.000359742
2.7946e-006,0.000256959
2.7948e-006,0.000349464
2.795e-006,0.000589292
2.7952e-006,0.000757172
2.7954e-006,0.000654388
2.7956e-006,0.000322055
2.7958e-006,5.13918e-005
2.796e-006,9.25052e-005
2.7962e-006,0.000387151
2.7964e-006,0.000668093
2.7966e-006,0.000709206
2.7968e-006,0.000462526
2.797e-006,0.000150749
2.7972e-006,7.19485e-005
2.7974e-006,0.000274089
2.7976e-006,0.000541327
2.7978e-006,0.000637258
2.798e-006,0.00052077
2.7982e-006,0.00035289
2.7984e-006,0.000298072
2.7986e-006,0.000407708
2.7988e-006,0.000548179
2.799e-006,0.000541327
2.7992e-006,0.000376873
2.7994e-006,0.000219272
2.7996e-006,0.00022955
2.7998e-006,0.00041456
2.8e-006,0.000592718
2.8002e-006,0.000568735
2.8004e-006,0.000366595
2.8006e-006,0.000154175
2.8008e-006,0.000133619
2.801e-006,0.000346038
2.8012e-006,0.000575588
2.8014e-006,0.000613275
2.8016e-006,0.000431691
2.8018e-006,0.000226124
2.802e-006,0.000232976
2.8022e-006,0.000431691
2.8024e-006,0.000620127
2.8026e-006,0.000620127
2.8028e-006,0.000417986
2.803e-006,0.000219272
2.8032e-006,0.000202141
2.8034e-006,0.000315203
2.8036e-006,0.000421412
2.8038e-006,0.000424839
2.804e-006,0.000308351
2.8042e-006,0.000232976
2.8044e-006,0.00033576
2.8046e-006,0.000589292
2.8048e-006,0.000774303
2.805e-006,0.000695502
2.8052e-006,0.000390577
2.8054e-006,0.000119914
2.8056e-006,0.00012334
2.8058e-006,0.000363168
2.806e-006,0.000579014
2.8062e-006,0.000568735
2.8064e-006,0.000373447
2.8066e-006,0.000212419
2.8068e-006,0.000222698
2.807e-006,0.000387151
2.8072e-006,0.000548179
2.8074e-006,0.000531048
2.8076e-006,0.000390577
2.8078e-006,0.000311777
2.808e-006,0.000404282
2.8082e-006,0.00058244
2.8084e-006,0.00068865
2.8086e-006,0.000555031
2.8088e-006,0.000226124
2.809e-006,3.42615e-006
2.8092e-006,5.48179e-005
2.8094e-006,0.000342612
2.8096e-006,0.000661241
2.8098e-006,0.000709206
2.81e-006,0.00047623
2.8102e-006,0.000263811
2.8104e-006,0.000239828
2.8106e-006,0.00039743
2.8108e-006,0.000620127
2.811e-006,0.00064411
2.8112e-006,0.000455674
2.8114e-006,0.000267237
2.8116e-006,0.000243254
2.8118e-006,0.00039743
2.812e-006,0.0005379
2.8122e-006,0.000500213
2.8124e-006,0.000298072
2.8126e-006,0.00012334
2.8128e-006,0.000171306
2.813e-006,0.000424839
2.8132e-006,0.000640684
2.8134e-006,0.00064411
2.8136e-006,0.000435117
2.8138e-006,0.000222698
2.814e-006,0.00022955
2.8142e-006,0.000435117
2.8144e-006,0.000650962
2.8146e-006,0.000671519
2.8148e-006,0.000435117
2.815e-006,0.000174732
2.8152e-006,0.000130192
2.8154e-006,0.000270663
2.8156e-006,0.000452248
2.8158e-006,0.00047623
2.816e-006,0.000308351
2.8162e-006,0.00016788
2.8164e-006,0.000232976
2.8166e-006,0.000493361
2.8168e-006,0.000716059
2.817e-006,0.000692076
2.8172e-006,0.0004591
2.8174e-006,0.00022955
2.8176e-006,0.000205567
2.8178e-006,0.000383725
2.818e-006,0.00058244
2.8182e-006,0.000606423
2.8184e-006,0.000404282
2.8186e-006,0.000181584
2.8188e-006,0.00018501
2.819e-006,0.000404282
2.8192e-006,0.000620127
2.8194e-006,0.000626979
2.8196e-006,0.000438543
2.8198e-006,0.000243254
2.82e-006,0.000208993
2.8202e-006,0.000373447
2.8204e-006,0.000585866
2.8206e-006,0.000626979
2.8208e-006,0.000462526
2.821e-006,0.000270663
2.8212e-006,0.000253533
2.8214e-006,0.000394004
2.8216e-006,0.0005379
2.8218e-006,0.000541327
2.822e-006,0.000380299
2.8222e-006,0.00024668
2.8224e-006,0.000304924
2.8226e-006,0.000500213
2.8228e-006,0.00064411
2.823e-006,0.000561883
2.8232e-006,0.000311777
2.8234e-006,0.000143897
2.8236e-006,0.000226124
2.8238e-006,0.00047623
2.824e-006,0.000640684
2.8242e-006,0.000558457
2.8244e-006,0.000277516
2.8246e-006,4.79657e-005
2.8248e-006,0.000126766
2.825e-006,0.000462526
2.8252e-006,0.000770876
2.8254e-006,0.00082912
2.8256e-006,0.000613275
2.8258e-006,0.000332333
2.826e-006,0.000198715
2.8262e-006,0.00024668
2.8264e-006,0.000349464
2.8266e-006,0.000363168
2.8268e-006,0.000280942
2.827e-006,0.000256959
2.8272e-006,0.000400856
2.8274e-006,0.000620127
2.8276e-006,0.000719485
2.8278e-006,0.000572162
2.828e-006,0.000260385
2.8282e-006,2.7409e-005
2.8284e-006,9.25052e-005
2.8286e-006,0.000400856
2.8288e-006,0.000681797
2.829e-006,0.000736615
2.8292e-006,0.000609849
2.8294e-006,0.000417986
2.8296e-006,0.000308351
2.8298e-006,0.00035289
2.83e-006,0.000404282
2.8302e-006,0.000359742
2.8304e-006,0.000222698
2.8306e-006,0.000140471
2.8308e-006,0.000274089
2.831e-006,0.000548179
2.8312e-006,0.000743467
2.8314e-006,0.000678371
2.8316e-006,0.000417986
2.8318e-006,0.000178158
2.832e-006,0.000147323
2.8322e-006,0.00035289
2.8324e-006,0.000572162
2.8326e-006,0.000596144
2.8328e-006,0.000455674
2.833e-006,0.000284368
2.8332e-006,0.000280942
2.8334e-006,0.0004591
2.8336e-006,0.000606423
2.8338e-006,0.000541327
2.834e-006,0.00029122
2.8342e-006,0.00012334
2.8344e-006,0.00018501
2.8346e-006,0.000424839
2.8348e-006,0.000650962
2.835e-006,0.000664667
2.8352e-006,0.000493361
2.8354e-006,0.000346038
2.8356e-006,0.000325481
2.8358e-006,0.000411134
2.836e-006,0.000493361
2.8362e-006,0.000394004
2.8364e-006,0.000150749
2.8366e-006,5.13918e-005
2.8368e-006,0.000219272
2.837e-006,0.000544753
2.8372e-006,0.00081199
2.8374e-006,0.000788007
2.8376e-006,0.000534474
2.8378e-006,0.000277516
2.838e-006,0.000222698
2.8382e-006,0.000363168
2.8384e-006,0.000510492
2.8386e-006,0.000486509
2.8388e-006,0.000304924
2.839e-006,0.00018501
2.8392e-006,0.000239828
2.8394e-006,0.000438543
2.8396e-006,0.000585866
2.8398e-006,0.000500213
2.84e-006,0.000277516
2.8402e-006,0.000171306
2.8404e-006,0.000325481
2.8406e-006,0.000613275
2.8408e-006,0.000818842
2.841e-006,0.000746894
2.8412e-006,0.000435117
2.8414e-006,0.000130192
2.8416e-006,8.90791e-005
2.8418e-006,0.000339186
2.842e-006,0.000592718
2.8422e-006,0.00058244
2.8424e-006,0.000380299
2.8426e-006,0.000195289
2.8428e-006,0.000212419
2.843e-006,0.000424839
2.8432e-006,0.000630406
2.8434e-006,0.000616701
2.8436e-006,0.000370021
2.8438e-006,0.000164454
2.844e-006,0.000178158
2.8442e-006,0.000390577
2.8444e-006,0.000602997
2.8446e-006,0.000568735
2.8448e-006,0.000373447
2.845e-006,0.00022955
2.8452e-006,0.000284368
2.8454e-006,0.000486509
2.8456e-006,0.000613275
2.8458e-006,0.000534474
2.846e-006,0.00029122
2.8462e-006,0.000102784
2.8464e-006,0.00016788
2.8466e-006,0.000435117
2.8468e-006,0.000633832
2.847e-006,0.000609849
2.8472e-006,0.000445395
2.8474e-006,0.000274089
2.8476e-006,0.000250107
2.8478e-006,0.000380299
2.848e-006,0.000500213
2.8482e-006,0.00047623
2.8484e-006,0.000346038
2.8486e-006,0.000263811
2.8488e-006,0.000370021
2.849e-006,0.000565309
2.8492e-006,0.000616701
2.8494e-006,0.000479656
2.8496e-006,0.000263811
2.8498e-006,0.000140471
2.85e-006,0.000181584
2.8502e-006,0.000363168
2.8504e-006,0.000551605
2.8506e-006,0.000630406
2.8508e-006,0.000565309
2.851e-006,0.000424839
2.8512e-006,0.000287794
2.8514e-006,0.000232976
2.8516e-006,0.000311777
2.8518e-006,0.000411134
2.852e-006,0.000448821
2.8522e-006,0.000431691
2.8524e-006,0.00039743
2.8526e-006,0.00041456
2.8528e-006,0.000496787
2.853e-006,0.000568735
2.8532e-006,0.000517344
2.8534e-006,0.000346038
2.8536e-006,0.000208993
2.8538e-006,0.000226124
2.854e-006,0.000390577
2.8542e-006,0.000531048
2.8544e-006,0.000465952
2.8546e-006,0.000270663
2.8548e-006,0.000147323
2.855e-006,0.000215845
2.8552e-006,0.000469378
2.8554e-006,0.000702354
2.8556e-006,0.00070578
2.8558e-006,0.000500213
2.856e-006,0.000253533
2.8562e-006,0.000205567
2.8564e-006,0.000373447
2.8566e-006,0.000534474
2.8568e-006,0.000496787
2.857e-006,0.000280942
2.8572e-006,0.000140471
2.8574e-006,0.000219272
2.8576e-006,0.000438543
2.8578e-006,0.000592718
2.858e-006,0.000558457
2.8582e-006,0.000394004
2.8584e-006,0.000277516
2.8586e-006,0.000356316
2.8588e-006,0.000558457
2.859e-006,0.000664667
2.8592e-006,0.000565309
2.8594e-006,0.00033576
2.8596e-006,0.00018501
2.8598e-006,0.000236402
2.86e-006,0.00041456
2.8602e-006,0.00052077
2.8604e-006,0.000438543
2.8606e-006,0.000219272
2.8608e-006,0.000102784
2.861e-006,0.000274089
2.8612e-006,0.000623553
2.8614e-006,0.000877086
2.8616e-006,0.000815416
2.8618e-006,0.000517344
2.862e-006,0.000260385
2.8622e-006,0.000205567
2.8624e-006,0.000298072
2.8626e-006,0.000359742
2.8628e-006,0.000308351
2.863e-006,0.000226124
2.8632e-006,0.000239828
2.8634e-006,0.000428265
2.8636e-006,0.000654388
2.8638e-006,0.000674945
2.864e-006,0.000472804
2.8642e-006,0.000212419
2.8644e-006,0.000102784
2.8646e-006,0.000239828
2.8648e-006,0.000510492
2.865e-006,0.000681797
2.8652e-006,0.000620127
2.8654e-006,0.000400856
2.8656e-006,0.000256959
2.8658e-006,0.000308351
2.866e-006,0.000455674
2.8662e-006,0.00052077
2.8664e-006,0.000407708
2.8666e-006,0.00022955
2.8668e-006,0.000174732
2.867e-006,0.000311777
2.8672e-006,0.000534474
2.8674e-006,0.000647536
2.8676e-006,0.000541327
2.8678e-006,0.000328907
2.868e-006,0.000232976
2.8682e-006,0.000376873
2.8684e-006,0.000602997
2.8686e-006,0.000674945
2.8688e-006,0.000496787
2.869e-006,0.000222698
2.8692e-006,0.000113062
2.8694e-006,0.000243254
2.8696e-006,0.000479656
2.8698e-006,0.000613275
2.87e-006,0.000531048
2.8702e-006,0.000311777
2.8704e-006,0.000215845
2.8706e-006,0.000339186
2.8708e-006,0.000544753
2.871e-006,0.000623553
2.8712e-006,0.000534474
2.8714e-006,0.000380299
2.8716e-006,0.000263811
2.8718e-006,0.000332333
2.872e-006,0.000472804
2.8722e-006,0.000517344
2.8724e-006,0.000421412
2.8726e-006,0.000260385
2.8728e-006,0.000219272
2.873e-006,0.000332333
2.8732e-006,0.00052077
2.8734e-006,0.000606423
2.8736e-006,0.000507065
2.8738e-006,0.000322055
2.874e-006,0.000202141
2.8742e-006,0.000277516
2.8744e-006,0.000472804
2.8746e-006,0.000589292
2.8748e-006,0.000517344
2.875e-006,0.000370021
2.8752e-006,0.000294646
2.8754e-006,0.000359742
2.8756e-006,0.00052077
2.8758e-006,0.000589292
2.876e-006,0.000441969
2.8762e-006,0.000171306
2.8764e-006,5.13918e-005
2.8766e-006,0.000215845
2.8768e-006,0.000548179
2.877e-006,0.000740041
2.8772e-006,0.000640684
2.8774e-006,0.000370021
2.8776e-006,0.000191863
2.8778e-006,0.000280942
2.878e-006,0.000496787
2.8782e-006,0.000575588
2.8784e-006,0.000394004
2.8786e-006,0.000126766
2.8788e-006,3.76873e-005
2.879e-006,0.000277516
2.8792e-006,0.000702354
2.8794e-006,0.000897643
2.8796e-006,0.000719485
2.8798e-006,0.000349464
2.88e-006,0.00010621
2.8802e-006,0.000195289
2.8804e-006,0.000483083
2.8806e-006,0.000606423
2.8808e-006,0.000452248
2.881e-006,0.000226124
2.8812e-006,0.000140471
2.8814e-006,0.000311777
2.8816e-006,0.00058244
2.8818e-006,0.000664667
2.882e-006,0.000455674
2.8822e-006,0.000130192
2.8824e-006,1.71306e-005
2.8826e-006,0.000250107
2.8828e-006,0.000650962
2.883e-006,0.000849677
2.8832e-006,0.00068865
2.8834e-006,0.000304924
2.8836e-006,1.02784e-005
2.8838e-006,7.19485e-005
2.884e-006,0.000448821
2.8842e-006,0.000832547
2.8844e-006,0.000859955
2.8846e-006,0.000445395
2.8848e-006,-8.9079e-005
2.885e-006,-0.000260385
2.8852e-006,0.000147323
2.8854e-006,0.00082912
2.8856e-006,0.00120257
2.8858e-006,0.000904495
2.886e-006,8.22268e-005
2.8862e-006,-0.000647536
2.8864e-006,-0.0005379
2.8866e-006,0.000592718
2.8868e-006,0.00191177
2.887e-006,0.00210021
2.8872e-006,0.000592718
2.8874e-006,-0.00148351
2.8876e-006,-0.00200428
2.8878e-006,-1.37044e-005
2.888e-006,0.00287794
2.8882e-006,0.00364196
2.8884e-006,0.000997
2.8886e-006,-0.00274089
2.8888e-006,-0.00361113
2.889e-006,-0.00022955
2.8892e-006,0.00424839
2.8894e-006,0.00507408
2.8896e-006,0.000846251
2.8898e-006,-0.00435117
2.89e-006,-0.00485138
2.8902e-006,0.000363168
2.8904e-006,0.00624239
2.8906e-006,0.00647879
2.8908e-006,0.000328907
2.891e-006,-0.00617729
2.8912e-006,-0.00617386
2.8914e-006,0.000760598
2.8916e-006,0.00767108
2.8918e-006,0.00734902
2.892e-006,-0.000102783
2.8922e-006,-0.00725309
2.8924e-006,-0.00672204
2.8926e-006,0.00115118
2.8928e-006,0.00839741
2.893e-006,0.0076608
2.8932e-006,-0.000417986
2.8934e-006,-0.00783553
2.8936e-006,-0.00702354
2.8938e-006,0.001391
2.894e-006,0.00899356
2.8942e-006,0.00814045
2.8944e-006,-0.000421412
2.8946e-006,-0.00834945
2.8948e-006,-0.00765395
2.895e-006,0.00115118
2.8952e-006,0.00937386
2.8954e-006,0.00886337
2.8956e-006,2.39829e-005
2.8958e-006,-0.0085927
2.896e-006,-0.00833917
2.8962e-006,0.000736615
2.8964e-006,0.00960341
2.8966e-006,0.00935673
2.8968e-006,5.48179e-005
2.897e-006,-0.00917857
2.8972e-006,-0.00895244
2.8974e-006,0.000808564
2.8976e-006,0.0104771
2.8978e-006,0.0103023
2.898e-006,0.000219272
2.8982e-006,-0.00994944
2.8984e-006,-0.00988092
2.8986e-006,0.000640684
2.8988e-006,0.0110561
2.899e-006,0.0109293
2.8992e-006,0.000236402
2.8994e-006,-0.010549
2.8996e-006,-0.0104531
2.8998e-006,0.000647536
2.9e-006,0.0115769
2.9002e-006,0.0113781
2.9004e-006,0.000188436
2.9006e-006,-0.0109636
2.9008e-006,-0.0107272
2.901e-006,0.000842825
2.9012e-006,0.0120771
2.9014e-006,0.011731
2.9016e-006,5.8244e-005
2.9018e-006,-0.0114432
2.902e-006,-0.0110835
2.9022e-006,0.000880512
2.9024e-006,0.0122792
2.9026e-006,0.0117687
2.9028e-006,-0.000161027
2.903e-006,-0.011755
2.9032e-006,-0.0111486
2.9034e-006,0.00120257
2.9036e-006,0.0127828
2.9038e-006,0.0120634
2.904e-006,-0.000267237
2.9042e-006,-0.0120462
2.9044e-006,-0.011337
2.9046e-006,0.00126424
2.9048e-006,0.0130227
2.905e-006,0.0121901
2.9052e-006,-0.000431691
2.9054e-006,-0.0124025
2.9056e-006,-0.0115974
2.9058e-006,0.00125396
2.906e-006,0.0131357
2.9062e-006,0.0122861
2.9064e-006,-0.000435117
2.9066e-006,-0.0124197
2.9068e-006,-0.0115083
2.907e-006,0.00145267
2.9072e-006,0.0133584
2.9074e-006,0.0123854
2.9076e-006,-0.00052077
2.9078e-006,-0.0126252
2.908e-006,-0.0116419
2.9082e-006,0.00146295
2.9084e-006,0.0133482
2.9086e-006,0.0122586
2.9088e-006,-0.000664667
2.909e-006,-0.0126252
2.9092e-006,-0.0114809
2.9094e-006,0.00166509
2.9096e-006,0.0134475
2.9098e-006,0.0121798
2.91e-006,-0.000835973
2.9102e-006,-0.0126938
2.9104e-006,-0.0113953
2.9106e-006,0.00176788
2.9108e-006,0.0134886
2.911e-006,0.0121764
2.9112e-006,-0.000753746
2.9114e-006,-0.012567
2.9116e-006,-0.011361
2.9118e-006,0.00164454
2.912e-006,0.0132419
2.9122e-006,0.0119709
2.9124e-006,-0.000894217
2.9126e-006,-0.0126766
2.9128e-006,-0.0114432
2.913e-006,0.0016788
2.9132e-006,0.0134955
2.9134e-006,0.012382
2.9136e-006,-0.000548179
2.9138e-006,-0.012615
2.914e-006,-0.0116248
2.9142e-006,0.00152805
2.9144e-006,0.0135297
2.9146e-006,0.0124574
2.9148e-006,-0.000695502
2.915e-006,-0.0130124
2.9152e-006,-0.0120017
2.9154e-006,0.0014424
2.9156e-006,0.0137867
2.9158e-006,0.0127931
2.916e-006,-0.000572162
2.9162e-006,-0.0131015
2.9164e-006,-0.0120702
2.9166e-006,0.00157944
2.9168e-006,0.0140265
2.917e-006,0.0129644
2.9172e-006,-0.000541326
2.9174e-006,-0.0131392
2.9176e-006,-0.0121113
2.9178e-006,0.00148693
2.918e-006,0.0138141
2.9182e-006,0.0125841
2.9184e-006,-0.000911347
2.9186e-006,-0.0132385
2.9188e-006,-0.0118612
2.919e-006,0.00189807
2.9192e-006,0.0141053
2.9194e-006,0.012704
2.9196e-006,-0.000877086
2.9198e-006,-0.0132248
2.92e-006,-0.0118681
2.9202e-006,0.00176788
2.9204e-006,0.0138586
2.9206e-006,0.012495
2.9208e-006,-0.000894217
2.921e-006,-0.0130432
2.9212e-006,-0.0117002
2.9214e-006,0.0017713
2.9216e-006,0.0137387
2.9218e-006,0.0124265
2.922e-006,-0.000801711
2.9222e-006,-0.0128753
2.9224e-006,-0.0116317
2.9226e-006,0.00168222
2.9228e-006,0.0136497
2.923e-006,0.0124813
2.9232e-006,-0.000626979
2.9234e-006,-0.0127657
2.9236e-006,-0.0117413
2.9238e-006,0.00139443
2.924e-006,0.0133516
2.9242e-006,0.0122963
2.9244e-006,-0.000678371
2.9246e-006,-0.0127006
2.9248e-006,-0.0115529
2.925e-006,0.00169593
2.9252e-006,0.0136805
2.9254e-006,0.0125362
2.9256e-006,-0.000585866
2.9258e-006,-0.0127589
2.926e-006,-0.0117036
2.9262e-006,0.00151434
2.9264e-006,0.0134749
2.9266e-006,0.0123169
2.9268e-006,-0.000805138
2.927e-006,-0.0129302
2.9272e-006,-0.0117756
2.9274e-006,0.00154861
2.9276e-006,0.013588
2.9278e-006,0.0124882
2.928e-006,-0.000609849
2.9282e-006,-0.0127109
2.9284e-006,-0.0115974
2.9286e-006,0.00162398
2.9288e-006,0.0135606
2.929e-006,0.0123237
2.9292e-006,-0.000835973
2.9294e-006,-0.0129165
2.9296e-006,-0.0117207
2.9298e-006,0.00160685
2.93e-006,0.0136497
2.9302e-006,0.0125088
2.9304e-006,-0.000637258
2.9306e-006,-0.0127589
2.9308e-006,-0.0116557
2.931e-006,0.00155888
2.9312e-006,0.0134681
2.9314e-006,0.0122724
2.9316e-006,-0.000781155
2.9318e-006,-0.0127897
2.932e-006,-0.0115974
2.9322e-006,0.00166167
2.9324e-006,0.0136291
2.9326e-006,0.0125019
2.9328e-006,-0.000623553
2.933e-006,-0.0127897
2.9332e-006,-0.0116796
2.9334e-006,0.00157601
2.9336e-006,0.013516
2.9338e-006,0.0123512
2.934e-006,-0.000722911
2.9342e-006,-0.0127726
2.9344e-006,-0.01157
2.9346e-006,0.00169593
2.9348e-006,0.0135606
2.935e-006,0.0122621
2.9352e-006,-0.000907921
2.9354e-006,-0.0129233
2.9356e-006,-0.011618
2.9358e-006,0.0017713
2.936e-006,0.0137456
2.9362e-006,0.0124608
2.9364e-006,-0.000712632
2.9366e-006,-0.012824
2.9368e-006,-0.0116694
2.937e-006,0.00157944
2.9372e-006,0.0134509
2.9374e-006,0.0122415
2.9376e-006,-0.000784581
2.9378e-006,-0.0127109
2.938e-006,-0.0114261
2.9382e-006,0.00180556
2.9384e-006,0.0135914
2.9386e-006,0.012221
2.9388e-006,-0.000976443
2.939e-006,-0.0129918
2.9392e-006,-0.0116831
2.9394e-006,0.00172334
2.9396e-006,0.013725
2.9398e-006,0.0124985
2.94e-006,-0.000654388
2.9402e-006,-0.0127589
2.9404e-006,-0.0115837
2.9406e-006,0.00169935
2.9408e-006,0.0135948
2.941e-006,0.0122929
2.9412e-006,-0.000921626
2.9414e-006,-0.0130467
2.9416e-006,-0.0117961
2.9418e-006,0.00169935
2.942e-006,0.013797
2.9422e-006,0.0125327
2.9424e-006,-0.000801711
2.9426e-006,-0.0130398
2.9428e-006,-0.0117619
2.943e-006,0.00182955
2.9432e-006,0.0139923
2.9434e-006,0.0127006
2.9436e-006,-0.000774302
2.9438e-006,-0.013194
2.944e-006,-0.0119811
2.9442e-006,0.00168222
2.9444e-006,0.0139135
2.9446e-006,0.0126047
2.9448e-006,-0.00089079
2.945e-006,-0.013218
2.9452e-006,-0.0118852
2.9454e-006,0.00181242
2.9456e-006,0.0139888
2.9458e-006,0.0125876
2.946e-006,-0.000955887
2.9462e-006,-0.0132419
2.9464e-006,-0.0117961
2.9466e-006,0.001994
2.9468e-006,0.0141601
2.947e-006,0.0126527
2.9472e-006,-0.00101756
2.9474e-006,-0.013379
2.9476e-006,-0.011964
2.9478e-006,0.00182612
2.948e-006,0.0140642
2.9482e-006,0.0126835
2.9484e-006,-0.000925052
2.9486e-006,-0.0132933
2.9488e-006,-0.0119126
2.949e-006,0.0018364
2.9492e-006,0.0140334
2.9494e-006,0.0126115
2.9496e-006,-0.000997
2.9498e-006,-0.0132831
2.95e-006,-0.011803
2.9502e-006,0.0020077
2.9504e-006,0.0142115
2.9506e-006,0.0127109
2.9508e-006,-0.000990148
2.951e-006,-0.0133893
2.9512e-006,-0.0119537
2.9514e-006,0.00189122
2.9516e-006,0.0141567
2.9518e-006,0.0127212
2.952e-006,-0.000983296
2.9522e-006,-0.0134167
2.9524e-006,-0.0120017
2.9526e-006,0.00186038
2.9528e-006,0.0141567
2.953e-006,0.0127417
2.9532e-006,-0.000931904
2.9534e-006,-0.0133276
2.9536e-006,-0.0118715
2.9538e-006,0.0019803
2.954e-006,0.014167
2.9542e-006,0.0126321
2.9544e-006,-0.00112719
2.9546e-006,-0.0135023
2.9548e-006,-0.0119332
2.955e-006,0.00204882
2.9552e-006,0.0143177
2.9554e-006,0.012728
2.9556e-006,-0.00114775
2.9558e-006,-0.0136154
2.956e-006,-0.0120908
2.9562e-006,0.0019152
2.9564e-006,0.0142835
2.9566e-006,0.0128068
2.9568e-006,-0.000986722
2.957e-006,-0.0134372
2.9572e-006,-0.0119571
2.9574e-006,0.00199057
2.9576e-006,0.0142492
2.9578e-006,0.0126527
2.958e-006,-0.00117516
2.9582e-006,-0.0135606
2.9584e-006,-0.0119332
2.9586e-006,0.00212762
2.9588e-006,0.0143794
2.959e-006,0.012704
2.9592e-006,-0.00125396
2.9594e-006,-0.0137113
2.9596e-006,-0.0120428
2.9598e-006,0.00208993
2.96e-006,0.0144068
2.9602e-006,0.0127897
2.9604e-006,-0.00116488
2.9606e-006,-0.0136702
2.9608e-006,-0.0120497
2.961e-006,0.00209678
2.9612e-006,0.0144342
2.9614e-006,0.0127726
2.9616e-006,-0.00116145
2.9618e-006,-0.013612
2.962e-006,-0.011988
2.9622e-006,0.00210706
2.9624e-006,0.0143589
2.9626e-006,0.0126766
2.9628e-006,-0.00124368
2.963e-006,-0.0136291
2.9632e-006,-0.0118886
2.9634e-006,0.00227837
2.9636e-006,0.0145336
2.9638e-006,0.0127383
2.964e-006,-0.00133276
2.9642e-006,-0.0138004
2.9644e-006,-0.0120736
2.9646e-006,0.00210706
2.9648e-006,0.0144274
2.965e-006,0.0127589
2.9652e-006,-0.00119229
2.9654e-006,-0.0136394
2.9656e-006,-0.0119948
2.9658e-006,0.00210364
2.966e-006,0.014376
2.9662e-006,0.0126903
2.9664e-006,-0.00125053
2.9666e-006,-0.0136462
2.9668e-006,-0.0119332
2.967e-006,0.00220985
2.9672e-006,0.0144719
2.9674e-006,0.0127383
2.9676e-006,-0.00122998
2.9678e-006,-0.0136497
2.968e-006,-0.0119743
2.9682e-006,0.00213447
2.9684e-006,0.0144
2.9686e-006,0.0126801
2.9688e-006,-0.00131906
2.969e-006,-0.0137456
2.9692e-006,-0.0119983
2.9694e-006,0.00220985
2.9696e-006,0.0145096
2.9698e-006,0.0127452
2.97e-006,-0.00128822
2.9702e-006,-0.0137113
2.9704e-006,-0.0119571
2.9706e-006,0.00226466
2.9708e-006,0.014537
2.971e-006,0.0127383
2.9712e-006,-0.00130535
2.9714e-006,-0.013749
2.9716e-006,-0.0119743
2.9718e-006,0.00228522
2.972e-006,0.0145644
2.9722e-006,0.0127143
2.9724e-006,-0.00140128
2.9726e-006,-0.0138244
2.9728e-006,-0.0119571
2.973e-006,0.00233319
2.9732e-006,0.0145816
2.9734e-006,0.012704
2.9736e-006,-0.00141156
2.9738e-006,-0.013797
2.974e-006,-0.0119058
2.9742e-006,0.00238458
2.9744e-006,0.0146124
2.9746e-006,0.0126801
2.9748e-006,-0.00147323
2.975e-006,-0.0138449
2.9752e-006,-0.0118886
2.9754e-006,0.00245653
2.9756e-006,0.0146501
2.9758e-006,0.0126664
2.976e-006,-0.00158287
2.9762e-006,-0.0140368
2.9764e-006,-0.0120942
2.9766e-006,0.00231263
2.9768e-006,0.0146775
2.977e-006,0.0128548
2.9772e-006,-0.00126766
2.9774e-006,-0.0136873
2.9776e-006,-0.0118715
2.9778e-006,0.00230235
2.978e-006,0.0144137
2.9782e-006,0.0124471
2.9784e-006,-0.0016137
2.9786e-006,-0.0138586
2.9788e-006,-0.0118201
2.979e-006,0.00253533
2.9792e-006,0.0147426
2.9794e-006,0.0127589
2.9796e-006,-0.00143212
2.9798e-006,-0.0138621
2.98e-006,-0.0119777
2.9802e-006,0.00231606
2.9804e-006,0.0145165
2.9806e-006,0.0125601
2.9808e-006,-0.00160685
2.981e-006,-0.013934
2.9812e-006,-0.0119023
2.9814e-006,0.00247366
2.9816e-006,0.0146912
2.9818e-006,0.0127315
2.982e-006,-0.00142526
2.9822e-006,-0.0137833
2.9824e-006,-0.0118715
2.9826e-006,0.00241199
2.9828e-006,0.0145781
2.983e-006,0.0126081
2.9832e-006,-0.00149721
2.9834e-006,-0.0137764
2.9836e-006,-0.0118064
2.9838e-006,0.00240856
2.984e-006,0.0144651
2.9842e-006,0.012406
2.9844e-006,-0.00170278
2.9846e-006,-0.0139032
2.9848e-006,-0.0118167
2.985e-006,0.00254903
2.9852e-006,0.0146912
2.9854e-006,0.0126389
2.9856e-006,-0.00151777
2.9858e-006,-0.0137627
2.986e-006,-0.011731
2.9862e-006,0.00255246
2.9864e-006,0.0146261
2.9866e-006,0.0125464
2.9868e-006,-0.00164454
2.987e-006,-0.0139409
2.9872e-006,-0.0118955
2.9874e-006,0.00240513
2.9876e-006,0.0144822
2.9878e-006,0.0124368
2.988e-006,-0.00165824
2.9882e-006,-0.013821
2.9884e-006,-0.0116419
2.9886e-006,0.00273062
2.9888e-006,0.0147631
2.989e-006,0.0125499
2.9892e-006,-0.00171991
2.9894e-006,-0.0139923
2.9896e-006,-0.0118544
2.9898e-006,0.00255931
2.99e-006,0.0146467
2.9902e-006,0.0125088
2.9904e-006,-0.00172334
2.9906e-006,-0.013958
2.9908e-006,-0.011779
2.991e-006,0.00263126
2.9912e-006,0.0147186
2.9914e-006,0.0125533
2.9916e-006,-0.00167537
2.9918e-006,-0.0139306
2.992e-006,-0.0118235
2.9922e-006,0.00252505
2.9924e-006,0.0146021
2.9926e-006,0.0125156
2.9928e-006,-0.00163768
2.993e-006,-0.0138312
2.9932e-006,-0.0117002
2.9934e-006,0.00261413
2.9936e-006,0.0146398
2.9938e-006,0.0125019
2.994e-006,-0.00169593
2.9942e-006,-0.0139032
2.9944e-006,-0.011731
2.9946e-006,0.00262441
2.9948e-006,0.0146501
2.995e-006,0.0124574
2.9952e-006,-0.00178501
2.9954e-006,-0.0139923
2.9956e-006,-0.0117893
2.9958e-006,0.00263811
2.996e-006,0.0147426
2.9962e-006,0.0126184
2.9964e-006,-0.00162055
2.9966e-006,-0.0138723
2.9968e-006,-0.0117413
2.997e-006,0.002597
2.9972e-006,0.0146158
2.9974e-006,0.0124094
2.9976e-006,-0.00181242
2.9978e-006,-0.0139786
2.998e-006,-0.0117413
2.9982e-006,0.00271006
2.9984e-006,0.0147631
2.9986e-006,0.0125053
2.9988e-006,-0.00179871
2.999e-006,-0.0140128
2.9992e-006,-0.0117345
2.9994e-006,0.00270663
2.9996e-006,0.014698
2.9998e-006,0.0124368
3e-006,-0.00184668
3.0002e-006,-0.0139957
3.0004e-006,-0.0116591
3.0006e-006,0.0028334
3.0008e-006,0.0148419
3.001e-006,0.0125225
3.0012e-006,-0.00181927
3.0014e-006,-0.0140231
3.0016e-006,-0.0117584
3.0018e-006,0.00267922
3.002e-006,0.0146501
3.0022e-006,0.012358
3.0024e-006,-0.00188779
3.0026e-006,-0.0140162
3.0028e-006,-0.0117173
3.003e-006,0.00273747
3.0032e-006,0.0147357
3.0034e-006,0.0124882
3.0036e-006,-0.00172676
3.0038e-006,-0.0137935
3.004e-006,-0.0114946
3.0042e-006,0.00286081
3.0044e-006,0.014722
3.0046e-006,0.0122998
3.0048e-006,-0.00200428
3.005e-006,-0.0140848
3.0052e-006,-0.011707
3.0054e-006,0.0027683
3.0056e-006,0.0147117
3.0058e-006,0.012358
3.006e-006,-0.00194946
3.0062e-006,-0.0140642
3.0064e-006,-0.0116762
3.0066e-006,0.00285053
3.0068e-006,0.0148693
3.007e-006,0.0125259
3.0072e-006,-0.00185353
3.0074e-006,-0.0140711
3.0076e-006,-0.0117584
3.0078e-006,0.00275117
3.008e-006,0.014794
3.0082e-006,0.0125156
3.0084e-006,-0.00177815
3.0086e-006,-0.013934
3.0088e-006,-0.0116899
3.009e-006,0.00268608
3.0092e-006,0.0145816
3.0094e-006,0.012197
3.0096e-006,-0.00207623
3.0098e-006,-0.0140402
3.01e-006,-0.0114569
3.0102e-006,0.0031486
3.0104e-006,0.0150235
3.0106e-006,0.0124574
3.0108e-006,-0.00202141
3.011e-006,-0.0141704
3.0112e-006,-0.0117516
3.0114e-006,0.00277173
3.0116e-006,0.0146878
3.0118e-006,0.0122792
3.012e-006,-0.00197002
3.0122e-006,-0.0139443
3.0124e-006,-0.0114227
3.0126e-006,0.00310406
3.0128e-006,0.0149105
3.013e-006,0.01231
3.0132e-006,-0.00217901
3.0134e-006,-0.0142835
3.0136e-006,-0.0117756
3.0138e-006,0.00279914
3.014e-006,0.0147631
3.0142e-006,0.0123923
3.0144e-006,-0.00184325
3.0146e-006,-0.0137798
3.0148e-006,-0.0113404
3.015e-006,0.002991
3.0152e-006,0.0146467
3.0154e-006,0.0120599
3.0156e-006,-0.00214818
3.0158e-006,-0.0139306
3.016e-006,-0.0113576
3.0162e-006,0.00301498
3.0164e-006,0.0146672
3.0166e-006,0.0121387
3.0168e-006,-0.00201456
3.017e-006,-0.0137935
3.0172e-006,-0.0113199
3.0174e-006,0.00287794
3.0176e-006,0.0144137
3.0178e-006,0.01194
3.018e-006,-0.00196317
3.0182e-006,-0.0135297
3.0184e-006,-0.0111657
3.0186e-006,0.00261755
3.0188e-006,0.0138929
3.019e-006,0.0117961
3.0192e-006,-0.00126424
3.0194e-006,-0.0123888
3.0196e-006,-0.0106826
3.0198e-006,0.00184325
3.02e-006,0.0125122
3.0202e-006,0.010967
3.0204e-006,-0.000846251
3.0206e-006,-0.0108265
3.0208e-006,-0.0090381
3.021e-006,0.00199743
3.0212e-006,0.0103914
3.0214e-006,0.00803082
3.0216e-006,-0.00163768
3.0218e-006,-0.00811305
3.022e-006,-0.00525566
3.0222e-006,0.00289507
3.0224e-006,0.00752375
3.0226e-006,0.00454646
3.0228e-006,-0.00205567
3.023e-006,-0.0053653
3.0232e-006,-0.00271348
3.0234e-006,0.00241199
3.0236e-006,0.0048411
3.0238e-006,0.00296702
3.024e-006,-0.000555031
3.0242e-006,-0.00234346
3.0244e-006,-0.0015349
3.0246e-006,0.000370021
3.0248e-006,0.00171306
3.025e-006,0.00190835
3.0252e-006,0.00120599
3.0254e-006,2.7409e-005
3.0256e-006,-0.00108951
3.0258e-006,-0.00126081
3.026e-006,3.42615e-006
3.0262e-006,0.00180556
3.0264e-006,0.00245995
3.0266e-006,0.00125053
3.0268e-006,-0.00070578
3.027e-006,-0.00142184
3.0272e-006,-0.000226124
3.0274e-006,0.00144925
3.0276e-006,0.0018364
3.0278e-006,0.000733189
3.028e-006,-0.000493361
3.0282e-006,-0.000544753
3.0284e-006,0.000359742
3.0286e-006,0.00104154
3.0288e-006,0.000835973
3.029e-006,0.000226124
3.0292e-006,2.05567e-005
3.0294e-006,0.00029122
3.0296e-006,0.000448821
3.0298e-006,0.000250107
3.03e-006,0.000202141
3.0302e-006,0.000681797
3.0304e-006,0.00122998
3.0306e-006,0.00100728
3.0308e-006,-3.0835e-005
3.031e-006,-0.00075032
3.0312e-006,-0.000188436
3.0314e-006,0.0012197
3.0316e-006,0.0019152
3.0318e-006,0.000890791
3.032e-006,-0.000921626
3.0322e-006,-0.00153833
3.0324e-006,-0.000113062
3.0326e-006,0.00197687
3.0328e-006,0.00250107
3.033e-006,0.000784581
3.0332e-006,-0.00142526
3.0334e-006,-0.00176788
3.0336e-006,0.000208993
3.0338e-006,0.00249764
3.034e-006,0.00269293
3.0342e-006,0.000534474
3.0344e-006,-0.00174389
3.0346e-006,-0.00175417
3.0348e-006,0.000500213
3.035e-006,0.00270321
3.0352e-006,0.0025319
3.0354e-006,0.000126766
3.0356e-006,-0.00205224
3.0358e-006,-0.00178158
3.036e-006,0.000664667
3.0362e-006,0.00279914
3.0364e-006,0.00248051
3.0366e-006,6.16701e-005
3.0368e-006,-0.00193576
3.037e-006,-0.00149721
3.0372e-006,0.000904495
3.0374e-006,0.00283683
3.0376e-006,0.00231606
3.0378e-006,-0.000113062
3.038e-006,-0.00196317
3.0382e-006,-0.00140128
3.0384e-006,0.000949035
3.0386e-006,0.00271006
3.0388e-006,0.00211049
3.039e-006,-0.000212419
3.0392e-006,-0.00188094
3.0394e-006,-0.00116831
3.0396e-006,0.00120942
3.0398e-006,0.00282655
3.04e-006,0.00203854
3.0402e-006,-0.000373447
3.0404e-006,-0.00201113
3.0406e-006,-0.00129165
3.0408e-006,0.00100385
3.041e-006,0.00263811
3.0412e-006,0.0020728
3.0414e-006,-5.48178e-005
3.0416e-006,-0.00157601
3.0418e-006,-0.000983296
3.042e-006,0.0010621
3.0422e-006,0.00239828
3.0424e-006,0.00164796
3.0426e-006,-0.000356316
3.0428e-006,-0.00150749
3.043e-006,-0.00068865
3.0432e-006,0.00117516
3.0434e-006,0.00212762
3.0436e-006,0.00125053
3.0438e-006,-0.000424839
3.044e-006,-0.00112719
3.0442e-006,-0.000219271
3.0444e-006,0.00128137
3.0446e-006,0.00185353
3.0448e-006,0.000983296
3.045e-006,-0.000366595
3.0452e-006,-0.000870234
3.0454e-006,-0.000154175
3.0456e-006,0.000983296
3.0458e-006,0.00146638
3.046e-006,0.000904495
3.0462e-006,-0.00012334
3.0464e-006,-0.000579014
3.0466e-006,-6.85223e-005
3.0468e-006,0.000859955
3.047e-006,0.00135332
3.0472e-006,0.000966165
3.0474e-006,3.06954e-011
3.0476e-006,-0.000729763
3.0478e-006,-0.000524196
3.048e-006,0.000596144
3.0482e-006,0.00172676
3.0484e-006,0.00176788
3.0486e-006,0.000527622
3.0488e-006,-0.000897643
3.049e-006,-0.00110664
3.0492e-006,0.000178158
3.0494e-006,0.00174047
3.0496e-006,0.00197002
3.0498e-006,0.000575588
3.05e-006,-0.000990148
3.0502e-006,-0.00109636
3.0504e-006,0.000349464
3.0506e-006,0.00188094
3.0508e-006,0.00188436
3.051e-006,0.000304924
3.0512e-006,-0.00121627
3.0514e-006,-0.00105182
3.0516e-006,0.000616701
3.0518e-006,0.00203169
3.052e-006,0.00173362
3.0522e-006,4.11134e-005
3.0524e-006,-0.00121285
3.0526e-006,-0.000712632
3.0528e-006,0.000942182
3.053e-006,0.00198372
3.0532e-006,0.00144582
3.0534e-006,3.08351e-005
3.0536e-006,-0.00081199
3.0538e-006,-0.000383725
3.054e-006,0.000654388
3.0542e-006,0.00117516
3.0544e-006,0.000801711
3.0546e-006,7.19485e-005
3.0548e-006,-0.00024668
3.055e-006,8.22268e-005
3.0552e-006,0.000616701
3.0554e-006,0.000856529
3.0556e-006,0.000729763
3.0558e-006,0.000472804
3.056e-006,0.000318629
3.0562e-006,0.000287794
3.0564e-006,0.000284368
3.0566e-006,0.000366595
3.0568e-006,0.000555031
3.057e-006,0.000681797
3.0572e-006,0.000568735
3.0574e-006,0.000226124
3.0576e-006,-2.74089e-005
3.0578e-006,9.93574e-005
3.058e-006,0.000500213
3.0582e-006,0.00076745
3.0584e-006,0.000626979
3.0586e-006,0.000236402
3.0588e-006,2.7409e-005
3.059e-006,0.000188436
3.0592e-006,0.000531048
3.0594e-006,0.000709206
3.0596e-006,0.000592718
3.0598e-006,0.000376873
3.06e-006,0.000318629
3.0602e-006,0.000496787
3.0604e-006,0.000664667
3.0606e-006,0.00058244
3.0608e-006,0.00029122
3.061e-006,5.48179e-005
3.0612e-006,5.48179e-005
3.0614e-006,0.000267237
3.0616e-006,0.00052077
3.0618e-006,0.000620127
3.062e-006,0.000551605
3.0622e-006,0.000404282
3.0624e-006,0.000308351
3.0626e-006,0.00033576
3.0628e-006,0.0004591
3.063e-006,0.000602997
3.0632e-006,0.000623553
3.0634e-006,0.00047623
3.0636e-006,0.000260385
3.0638e-006,0.000130192
3.064e-006,0.000219272
3.0642e-006,0.000452248
3.0644e-006,0.000579014
3.0646e-006,0.000500213
3.0648e-006,0.000318629
3.065e-006,0.000253533
3.0652e-006,0.000387151
3.0654e-006,0.000592718
3.0656e-006,0.000664667
3.0658e-006,0.000513918
3.066e-006,0.000280942
3.0662e-006,0.000181584
3.0664e-006,0.000287794
3.0666e-006,0.000486509
3.0668e-006,0.000534474
3.067e-006,0.000339186
3.0672e-006,0.000116488
3.0674e-006,0.000133619
3.0676e-006,0.000438543
3.0678e-006,0.000788007
3.068e-006,0.000839399
3.0682e-006,0.000568735
3.0684e-006,0.000239828
3.0686e-006,0.000130192
3.0688e-006,0.000315203
3.069e-006,0.000585866
3.0692e-006,0.000671519
3.0694e-006,0.000465952
3.0696e-006,6.50963e-005
3.0698e-006,-0.000147323
3.07e-006,9.25052e-005
3.0702e-006,0.000561883
3.0704e-006,0.000846251
3.0706e-006,0.00068865
3.0708e-006,0.000287794
3.071e-006,7.53746e-005
3.0712e-006,0.000280942
3.0714e-006,0.000719485
3.0716e-006,0.000918199
3.0718e-006,0.000633832
3.072e-006,0.00010621
3.0722e-006,-0.00016788
3.0724e-006,6.16701e-005
3.0726e-006,0.000585866
3.0728e-006,0.000877086
3.073e-006,0.000661241
3.0732e-006,0.000212419
3.0734e-006,3.42615e-006
3.0736e-006,0.000260385
3.0738e-006,0.000668093
3.074e-006,0.000729763
3.0742e-006,0.000342612
3.0744e-006,-3.0835e-005
3.0746e-006,3.42612e-005
3.0748e-006,0.000513918
3.075e-006,0.000945608
3.0752e-006,0.000842825
3.0754e-006,0.000301498
3.0756e-006,-0.000116488
3.0758e-006,2.05567e-005
3.076e-006,0.0005379
3.0762e-006,0.000911347
3.0764e-006,0.000777729
3.0766e-006,0.000325481
3.0768e-006,3.76873e-005
3.077e-006,0.000147323
3.0772e-006,0.00052077
3.0774e-006,0.000740041
3.0776e-006,0.000548179
3.0778e-006,0.000198715
3.078e-006,7.88007e-005
3.0782e-006,0.000315203
3.0784e-006,0.000647536
3.0786e-006,0.000726337
3.0788e-006,0.000510492
3.079e-006,0.000219272
3.0792e-006,0.000126766
3.0794e-006,0.000277516
3.0796e-006,0.000527622
3.0798e-006,0.000678371
3.08e-006,0.000640684
3.0802e-006,0.0004591
3.0804e-006,0.000280942
3.0806e-006,0.000253533
3.0808e-006,0.000366595
3.081e-006,0.000469378
3.0812e-006,0.000438543
3.0814e-006,0.000284368
3.0816e-006,0.000161028
3.0818e-006,0.000208993
3.082e-006,0.000448821
3.0822e-006,0.00068865
3.0824e-006,0.00068865
3.0826e-006,0.0004591
3.0828e-006,0.000188436
3.083e-006,0.000133619
3.0832e-006,0.000356316
3.0834e-006,0.000616701
3.0836e-006,0.000657815
3.0838e-006,0.000417986
3.084e-006,0.000130192
3.0842e-006,9.93574e-005
3.0844e-006,0.000376873
3.0846e-006,0.000657815
3.0848e-006,0.000657815
3.085e-006,0.000421412
3.0852e-006,0.000212419
3.0854e-006,0.000222698
3.0856e-006,0.000387151
3.0858e-006,0.000500213
3.086e-006,0.000441969
3.0862e-006,0.00029122
3.0864e-006,0.000267237
3.0866e-006,0.000452248
3.0868e-006,0.000692076
3.087e-006,0.000746894
3.0872e-006,0.000483083
3.0874e-006,0.000116488
3.0876e-006,-2.05567e-005
3.0878e-006,0.000191863
3.088e-006,0.00052077
3.0882e-006,0.000668093
3.0884e-006,0.000575588
3.0886e-006,0.00035289
3.0888e-006,0.000219272
3.089e-006,0.000328907
3.0892e-006,0.0005379
3.0894e-006,0.000637258
3.0896e-006,0.000548179
3.0898e-006,0.000342612
3.09e-006,0.000212419
3.0902e-006,0.000250107
3.0904e-006,0.000373447
3.0906e-006,0.000400856
3.0908e-006,0.000322055
3.091e-006,0.000256959
3.0912e-006,0.000346038
3.0914e-006,0.000568735
3.0916e-006,0.000716059
3.0918e-006,0.000620127
3.092e-006,0.000325481
3.0922e-006,5.8244e-005
3.0924e-006,8.5653e-005
3.0926e-006,0.00039743
3.0928e-006,0.000733189
3.093e-006,0.000839399
3.0932e-006,0.000602997
3.0934e-006,0.000226124
3.0936e-006,2.7409e-005
3.0938e-006,0.000188436
3.094e-006,0.000565309
3.0942e-006,0.00076745
3.0944e-006,0.000513918
3.0946e-006,2.39829e-005
3.0948e-006,-0.00018501
3.095e-006,0.000174732
3.0952e-006,0.000832547
3.0954e-006,0.00113747
3.0956e-006,0.000764024
3.0958e-006,4.79657e-005
3.096e-006,-0.000277515
3.0962e-006,0.000157601
3.0964e-006,0.000945608
3.0966e-006,0.00125396
3.0968e-006,0.000702354
3.097e-006,-0.00022955
3.0972e-006,-0.000592718
3.0974e-006,-3.42609e-006
3.0976e-006,0.00097987
3.0978e-006,0.00139786
3.098e-006,0.000801711
3.0982e-006,-0.000195289
3.0984e-006,-0.00052077
3.0986e-006,0.000188436
3.0988e-006,0.00118886
3.099e-006,0.00140471
3.0992e-006,0.000541327
3.0994e-006,-0.000575588
3.0996e-006,-0.000781155
3.0998e-006,0.000191863
3.1e-006,0.00141156
3.1002e-006,0.00165481
3.1004e-006,0.000685223
3.1006e-006,-0.000541326
3.1008e-006,-0.000791433
3.101e-006,0.000208993
3.1012e-006,0.00142184
3.1014e-006,0.00159657
3.1016e-006,0.000544753
3.1018e-006,-0.000661241
3.102e-006,-0.000798285
3.1022e-006,0.000287794
3.1024e-006,0.00150749
3.1026e-006,0.00156574
3.1028e-006,0.000387151
3.103e-006,-0.000825694
3.1032e-006,-0.000866808
3.1034e-006,0.000318629
3.1036e-006,0.00158287
3.1038e-006,0.00165139
3.104e-006,0.000462526
3.1042e-006,-0.000726337
3.1044e-006,-0.000726337
3.1046e-006,0.000455674
3.1048e-006,0.00162398
3.105e-006,0.00151777
3.1052e-006,0.000215845
3.1054e-006,-0.000955887
3.1056e-006,-0.000863382
3.1058e-006,0.000438543
3.106e-006,0.00170963
3.1062e-006,0.00174389
3.1064e-006,0.000555031
3.1066e-006,-0.000671519
3.1068e-006,-0.000692076
3.107e-006,0.000486509
3.1072e-006,0.0016137
3.1074e-006,0.00148351
3.1076e-006,0.00018501
3.1078e-006,-0.00100043
3.108e-006,-0.00089079
3.1082e-006,0.000411134
3.1084e-006,0.00165481
3.1086e-006,0.00166509
3.1088e-006,0.00041456
3.109e-006,-0.000835973
3.1092e-006,-0.000818842
3.1094e-006,0.000431691
3.1096e-006,0.0016788
3.1098e-006,0.00164111
3.11e-006,0.000400856
3.1102e-006,-0.000757172
3.1104e-006,-0.00068865
3.1106e-006,0.000524196
3.1108e-006,0.00165824
3.111e-006,0.00155203
3.1112e-006,0.000277516
3.1114e-006,-0.000911347
3.1116e-006,-0.000835973
3.1118e-006,0.000455674
3.112e-006,0.00165139
3.1122e-006,0.00154861
3.1124e-006,0.000253533
3.1126e-006,-0.000914773
3.1128e-006,-0.000709206
3.113e-006,0.00070578
3.1132e-006,0.00193576
3.1134e-006,0.00176445
3.1136e-006,0.000356316
3.1138e-006,-0.000966165
3.114e-006,-0.000914773
3.1142e-006,0.000448821
3.1144e-006,0.00173362
3.1146e-006,0.00167195
3.1148e-006,0.000332333
3.115e-006,-0.000969591
3.1152e-006,-0.00093533
3.1154e-006,0.00035289
3.1156e-006,0.00157601
3.1158e-006,0.00155546
3.116e-006,0.000363168
3.1162e-006,-0.000753746
3.1164e-006,-0.000609849
3.1166e-006,0.000647536
3.1168e-006,0.00173704
3.117e-006,0.00154175
3.1172e-006,0.000222698
3.1174e-006,-0.000907921
3.1176e-006,-0.000726337
3.1178e-006,0.000613275
3.118e-006,0.00176445
3.1182e-006,0.00155888
3.1184e-006,0.000205567
3.1186e-006,-0.00100728
3.1188e-006,-0.000894217
3.119e-006,0.000407708
3.1192e-006,0.00161028
3.1194e-006,0.00156916
3.1196e-006,0.000349464
3.1198e-006,-0.000774302
3.12e-006,-0.00064411
3.1202e-006,0.000664667
3.1204e-006,0.00184325
3.1206e-006,0.00166167
3.1208e-006,0.000239828
3.121e-006,-0.00104839
3.1212e-006,-0.000962739
3.1214e-006,0.000417986
3.1216e-006,0.00177815
3.1218e-006,0.00179186
3.122e-006,0.00047623
3.1222e-006,-0.000866808
3.1224e-006,-0.000911347
3.1226e-006,0.000363168
3.1228e-006,0.00163426
3.123e-006,0.00163083
3.1232e-006,0.000373447
3.1234e-006,-0.000853103
3.1236e-006,-0.000791433
3.1238e-006,0.000544753
3.124e-006,0.00183297
3.1242e-006,0.00171306
3.1244e-006,0.000263811
3.1246e-006,-0.00108951
3.1248e-006,-0.000973017
3.125e-006,0.00052077
3.1252e-006,0.00191863
3.1254e-006,0.00180556
3.1256e-006,0.000287794
3.1258e-006,-0.00112719
3.126e-006,-0.00103811
3.1262e-006,0.000493361
3.1264e-006,0.00196659
3.1266e-006,0.0019152
3.1268e-006,0.00039743
3.127e-006,-0.00102784
3.1272e-006,-0.000925052
3.1274e-006,0.000531048
3.1276e-006,0.00177473
3.1278e-006,0.00153147
3.128e-006,4.45396e-005
3.1282e-006,-0.00115803
3.1284e-006,-0.000794859
3.1286e-006,0.000839399
3.1288e-006,0.00215503
3.129e-006,0.00180556
3.1292e-006,0.00012334
3.1294e-006,-0.00124711
3.1296e-006,-0.000983296
3.1298e-006,0.000623553
3.13e-006,0.001994
3.1302e-006,0.0017576
3.1304e-006,0.00016788
3.1306e-006,-0.00119571
3.1308e-006,-0.000966165
3.131e-006,0.000633832
3.1312e-006,0.00197344
3.1314e-006,0.00171991
3.1316e-006,0.000164454
3.1318e-006,-0.00112377
3.132e-006,-0.000880512
3.1322e-006,0.000633832
3.1324e-006,0.00189122
3.1326e-006,0.00163426
3.1328e-006,0.000126766
3.133e-006,-0.00108265
3.1332e-006,-0.000774302
3.1334e-006,0.000760598
3.1336e-006,0.00201113
3.1338e-006,0.0016788
3.134e-006,5.8244e-005
3.1342e-006,-0.00124025
3.1344e-006,-0.00093533
3.1346e-006,0.000661241
3.1348e-006,0.00197002
3.135e-006,0.00171991
3.1352e-006,0.00018501
3.1354e-006,-0.00109978
3.1356e-006,-0.000849677
3.1358e-006,0.000664667
3.136e-006,0.00192548
3.1362e-006,0.00164796
3.1364e-006,0.00012334
3.1366e-006,-0.00110664
3.1368e-006,-0.000818842
3.137e-006,0.000702354
3.1372e-006,0.00194261
3.1374e-006,0.00166852
3.1376e-006,0.000147323
3.1378e-006,-0.00109978
3.138e-006,-0.000832546
3.1382e-006,0.000681797
3.1384e-006,0.00190835
3.1386e-006,0.00163426
3.1388e-006,0.00012334
3.139e-006,-0.00114775
3.1392e-006,-0.000870234
3.1394e-006,0.000712632
3.1396e-006,0.00203854
3.1398e-006,0.00179186
3.14e-006,0.000215845
3.1402e-006,-0.00112034
3.1404e-006,-0.000914773
3.1406e-006,0.000613275
3.1408e-006,0.00189122
3.141e-006,0.00160685
3.1412e-006,8.90791e-005
3.1414e-006,-0.00113747
3.1416e-006,-0.000866808
3.1418e-006,0.000661241
3.142e-006,0.00192548
3.1422e-006,0.00163083
3.1424e-006,0.000102784
3.1426e-006,-0.00109293
3.1428e-006,-0.000729763
3.143e-006,0.000832547
3.1432e-006,0.00205567
3.1434e-006,0.00170621
3.1436e-006,8.22268e-005
3.1438e-006,-0.00122998
3.144e-006,-0.000976443
3.1442e-006,0.000575588
3.1444e-006,0.00186381
3.1446e-006,0.00161713
3.1448e-006,0.000119914
3.145e-006,-0.00111349
3.1452e-006,-0.000832546
3.1454e-006,0.000719485
3.1456e-006,0.001994
3.1458e-006,0.00171648
3.146e-006,0.000181584
3.1462e-006,-0.00109978
3.1464e-006,-0.000870234
3.1466e-006,0.000674945
3.1468e-006,0.00199057
3.147e-006,0.00179529
3.1472e-006,0.000274089
3.1474e-006,-0.0010758
3.1476e-006,-0.000914773
3.1478e-006,0.0005379
3.148e-006,0.00178501
3.1482e-006,0.0015349
3.1484e-006,5.8244e-005
3.1486e-006,-0.00112377
3.1488e-006,-0.000798285
3.149e-006,0.000760598
3.1492e-006,0.00203169
3.1494e-006,0.00176102
3.1496e-006,0.000202141
3.1498e-006,-0.00107923
3.15e-006,-0.000822268
3.1502e-006,0.000740041
3.1504e-006,0.00206252
3.1506e-006,0.00174389
3.1508e-006,6.50963e-005
3.151e-006,-0.00133619
3.1512e-006,-0.00107237
3.1514e-006,0.000575588
3.1516e-006,0.00200085
3.1518e-006,0.00185696
3.152e-006,0.000298072
3.1522e-006,-0.00108265
3.1524e-006,-0.000907921
3.1526e-006,0.000579014
3.1528e-006,0.00186723
3.153e-006,0.00165824
3.1532e-006,0.000140471
3.1534e-006,-0.00110664
3.1536e-006,-0.00076745
3.1538e-006,0.000839399
3.154e-006,0.00210364
3.1542e-006,0.00170963
3.1544e-006,3.42615e-006
3.1546e-006,-0.00138073
3.1548e-006,-0.00110321
3.155e-006,0.000551605
3.1552e-006,0.00197002
3.1554e-006,0.00177815
3.1556e-006,0.000239828
3.1558e-006,-0.00104839
3.156e-006,-0.000794859
3.1562e-006,0.000740041
3.1564e-006,0.00198372
3.1566e-006,0.00165824
3.1568e-006,5.48179e-005
3.157e-006,-0.00122312
3.1572e-006,-0.000897643
3.1574e-006,0.00070578
3.1576e-006,0.00202141
3.1578e-006,0.00171648
3.158e-006,7.88007e-005
3.1582e-006,-0.00128479
3.1584e-006,-0.00101756
3.1586e-006,0.00064411
3.1588e-006,0.00206595
3.159e-006,0.00186038
3.1592e-006,0.000287794
3.1594e-006,-0.00109293
3.1596e-006,-0.000911347
3.1598e-006,0.000626979
3.16e-006,0.00194946
3.1602e-006,0.00173019
3.1604e-006,0.000205567
3.1606e-006,-0.00108951
3.1608e-006,-0.000835973
3.161e-006,0.000709206
3.1612e-006,0.00197002
3.1614e-006,0.00164796
3.1616e-006,3.42612e-005
3.1618e-006,-0.00125396
3.162e-006,-0.00093533
3.1622e-006,0.00068865
3.1624e-006,0.00203169
3.1626e-006,0.0017713
3.1628e-006,0.000174732
3.163e-006,-0.00116831
3.1632e-006,-0.000901069
3.1634e-006,0.000712632
3.1636e-006,0.0020728
3.1638e-006,0.00183297
3.164e-006,0.000219272
3.1642e-006,-0.00117858
3.1644e-006,-0.000993574
3.1646e-006,0.000524196
3.1648e-006,0.00186038
3.165e-006,0.00167195
3.1652e-006,0.000140471
3.1654e-006,-0.00117858
3.1656e-006,-0.000918199
3.1658e-006,0.000695502
3.166e-006,0.00203854
3.1662e-006,0.00176445
3.1664e-006,0.000154175
3.1666e-006,-0.00118544
3.1668e-006,-0.000907921
3.167e-006,0.00075032
3.1672e-006,0.00211391
3.1674e-006,0.00183297
3.1676e-006,0.000174732
3.1678e-006,-0.00126424
3.168e-006,-0.00108951
3.1682e-006,0.000489935
3.1684e-006,0.00186381
3.1686e-006,0.00170278
3.1688e-006,0.000222698
3.169e-006,-0.00102441
3.1692e-006,-0.000736615
3.1694e-006,0.000794859
3.1696e-006,0.00203169
3.1698e-006,0.00168908
3.17e-006,2.39829e-005
3.1702e-006,-0.00136702
3.1704e-006,-0.00109636
3.1706e-006,0.000599571
3.1708e-006,0.00204882
3.171e-006,0.0019015
3.1712e-006,0.000370021
3.1714e-006,-0.00102098
3.1716e-006,-0.000870234
3.1718e-006,0.000596144
3.172e-006,0.00184668
3.1722e-006,0.00158629
3.1724e-006,5.48179e-005
3.1726e-006,-0.00119229
3.1728e-006,-0.000887364
3.173e-006,0.000716059
3.1732e-006,0.00204539
3.1734e-006,0.00179529
3.1736e-006,0.000191863
3.1738e-006,-0.00116488
3.174e-006,-0.000894217
3.1742e-006,0.000716059
3.1744e-006,0.00204539
3.1746e-006,0.00175075
3.1748e-006,9.93574e-005
3.175e-006,-0.00127452
3.1752e-006,-0.00100043
3.1754e-006,0.000637258
3.1756e-006,0.001994
3.1758e-006,0.00174389
3.176e-006,0.000143897
3.1762e-006,-0.00121285
3.1764e-006,-0.000938756
3.1766e-006,0.000685223
3.1768e-006,0.00204539
3.177e-006,0.00179871
3.1772e-006,0.000174732
3.1774e-006,-0.00120942
3.1776e-006,-0.000959313
3.1778e-006,0.000654388
3.178e-006,0.00199057
3.1782e-006,0.00171306
3.1784e-006,0.000113062
3.1786e-006,-0.00120257
3.1788e-006,-0.000907921
3.179e-006,0.000719485
3.1792e-006,0.00204539
3.1794e-006,0.00174047
3.1796e-006,9.25052e-005
3.1798e-006,-0.00127109
3.18e-006,-0.000983296
3.1802e-006,0.000692076
3.1804e-006,0.00212077
3.1806e-006,0.00188779
3.1808e-006,0.000250107
3.181e-006,-0.00118886
3.1812e-006,-0.00103469
3.1814e-006,0.000527622
3.1816e-006,0.00190835
3.1818e-006,0.00174047
3.182e-006,0.00018501
3.1822e-006,-0.00117858
3.1824e-006,-0.000942182
3.1826e-006,0.000678371
3.1828e-006,0.0020728
3.183e-006,0.00184668
3.1832e-006,0.000198715
3.1834e-006,-0.00122655
3.1836e-006,-0.000986722
3.1838e-006,0.000657815
3.184e-006,0.00205567
3.1842e-006,0.00179871
3.1844e-006,0.000119914
3.1846e-006,-0.00131563
3.1848e-006,-0.00104839
3.185e-006,0.000640684
3.1852e-006,0.00205224
3.1854e-006,0.00180899
3.1856e-006,0.000150749
3.1858e-006,-0.00125396
3.186e-006,-0.0010107
3.1862e-006,0.000630406
3.1864e-006,0.00204539
3.1866e-006,0.00184668
3.1868e-006,0.00024668
3.187e-006,-0.00113062
3.1872e-006,-0.00087366
3.1874e-006,0.000757172
3.1876e-006,0.00208651
3.1878e-006,0.00174732
3.188e-006,2.7409e-005
3.1882e-006,-0.00139443
3.1884e-006,-0.00110321
3.1886e-006,0.000637258
3.1888e-006,0.00210706
3.189e-006,0.00189464
3.1892e-006,0.000250107
3.1894e-006,-0.00118544
3.1896e-006,-0.000966165
3.1898e-006,0.000664667
3.19e-006,0.00204539
3.1902e-006,0.00177815
3.1904e-006,0.000140471
3.1906e-006,-0.00122998
3.1908e-006,-0.000969591
3.191e-006,0.000671519
3.1912e-006,0.00205224
3.1914e-006,0.00180899
3.1916e-006,0.000191863
3.1918e-006,-0.00116145
3.192e-006,-0.00089079
3.1922e-006,0.00068865
3.1924e-006,0.00193576
3.1926e-006,0.00156916
3.1928e-006,-6.85223e-005
3.193e-006,-0.00136017
3.1932e-006,-0.000952461
3.1934e-006,0.000815416
3.1936e-006,0.00224068
3.1938e-006,0.00194946
3.194e-006,0.000243254
3.1942e-006,-0.00117516
3.1944e-006,-0.000952461
3.1946e-006,0.000623553
3.1948e-006,0.00191863
3.195e-006,0.00159657
3.1952e-006,-1.37044e-005
3.1954e-006,-0.00127452
3.1956e-006,-0.000907921
3.1958e-006,0.000757172
3.196e-006,0.00210706
3.1962e-006,0.00180556
3.1964e-006,0.000150749
3.1966e-006,-0.00119571
3.1968e-006,-0.00089079
3.197e-006,0.000722911
3.1972e-006,0.00202141
3.1974e-006,0.00167537
3.1976e-006,3.42612e-005
3.1978e-006,-0.00124025
3.198e-006,-0.00087366
3.1982e-006,0.00081199
3.1984e-006,0.00214818
3.1986e-006,0.00177815
3.1988e-006,6.16701e-005
3.199e-006,-0.00130192
3.1992e-006,-0.000983296
3.1994e-006,0.000698928
3.1996e-006,0.00209678
3.1998e-006,0.0018364
3.2e-006,0.000188436
3.2002e-006,-0.00118544
3.2004e-006,-0.000914773
3.2006e-006,0.000698928
3.2008e-006,0.00198715
3.201e-006,0.00164111
3.2012e-006,6.85227e-006
3.2014e-006,-0.00128137
3.2016e-006,-0.000931904
3.2018e-006,0.00076745
3.202e-006,0.00213104
3.2022e-006,0.00178158
3.2024e-006,8.5653e-005
3.2026e-006,-0.00124368
3.2028e-006,-0.000887364
3.203e-006,0.000822268
3.2032e-006,0.00218244
3.2034e-006,0.00182269
3.2036e-006,9.59313e-005
3.2038e-006,-0.00134646
3.204e-006,-0.00111691
3.2042e-006,0.000527622
3.2044e-006,0.00192548
3.2046e-006,0.00169935
3.2048e-006,0.000150749
3.205e-006,-0.00112034
3.2052e-006,-0.000822268
3.2054e-006,0.000760598
3.2056e-006,0.00200428
3.2058e-006,0.00162398
3.206e-006,1.37045e-005
3.2062e-006,-0.00121627
3.2064e-006,-0.000825694
3.2066e-006,0.000846251
3.2068e-006,0.00213104
3.207e-006,0.00172676
3.2072e-006,2.39829e-005
3.2074e-006,-0.00135674
3.2076e-006,-0.00105182
3.2078e-006,0.000664667
3.208e-006,0.00208993
3.2082e-006,0.00185696
3.2084e-006,0.000219272
3.2086e-006,-0.00120257
3.2088e-006,-0.00100385
3.209e-006,0.00058244
3.2092e-006,0.00189807
3.2094e-006,0.00164796
3.2096e-006,0.000140471
3.2098e-006,-0.00109293
3.21e-006,-0.000788007
3.2102e-006,0.000753746
3.2104e-006,0.00198372
3.2106e-006,0.00164111
3.2108e-006,4.45396e-005
3.211e-006,-0.00120599
3.2112e-006,-0.000794859
3.2114e-006,0.000897643
3.2116e-006,0.00218929
3.2118e-006,0.00181584
3.212e-006,9.93574e-005
3.2122e-006,-0.00133961
3.2124e-006,-0.00110664
3.2126e-006,0.000527622
3.2128e-006,0.00192548
3.213e-006,0.00169935
3.2132e-006,0.00010621
3.2134e-006,-0.00119914
3.2136e-006,-0.000856529
3.2138e-006,0.000801711
3.214e-006,0.00215845
3.2142e-006,0.00189122
3.2144e-006,0.000263811
3.2146e-006,-0.00108265
3.2148e-006,-0.000859955
3.215e-006,0.000640684
3.2152e-006,0.00186723
3.2154e-006,0.00151777
3.2156e-006,-6.50962e-005
3.2158e-006,-0.00128822
3.216e-006,-0.000901069
3.2162e-006,0.000798285
3.2164e-006,0.00215503
3.2166e-006,0.00180556
3.2168e-006,0.000130192
3.217e-006,-0.00120599
3.2172e-006,-0.000918199
3.2174e-006,0.000664667
3.2176e-006,0.00193233
3.2178e-006,0.00157944
3.218e-006,-2.05567e-005
3.2182e-006,-0.00125738
3.2184e-006,-0.000853103
3.2186e-006,0.000883938
3.2188e-006,0.00225781
3.219e-006,0.0019015
3.2192e-006,0.000161028
3.2194e-006,-0.00122998
3.2196e-006,-0.000931904
3.2198e-006,0.000661241
3.22e-006,0.00188436
3.2202e-006,0.00148351
3.2204e-006,-0.000150749
3.2206e-006,-0.00134989
3.2208e-006,-0.000856529
3.221e-006,0.000890791
3.2212e-006,0.0022167
3.2214e-006,0.00181242
3.2216e-006,7.19485e-005
3.2218e-006,-0.00125738
3.222e-006,-0.000880512
3.2222e-006,0.000818842
3.2224e-006,0.00215503
3.2226e-006,0.00178843
3.2228e-006,5.8244e-005
3.223e-006,-0.00128479
3.2232e-006,-0.000925052
3.2234e-006,0.000716059
3.2236e-006,0.0019803
3.2238e-006,0.00157944
3.224e-006,-0.000102783
3.2242e-006,-0.00135674
3.2244e-006,-0.000897643
3.2246e-006,0.000846251
3.2248e-006,0.00217558
3.225e-006,0.00184668
3.2252e-006,0.000205567
3.2254e-006,-0.0011409
3.2256e-006,-0.000897643
3.2258e-006,0.000609849
3.226e-006,0.00186381
3.2262e-006,0.00162741
3.2264e-006,0.000191863
3.2266e-006,-0.00097987
3.2268e-006,-0.000733189
3.227e-006,0.000616701
3.2272e-006,0.00166167
3.2274e-006,0.0012985
3.2276e-006,-5.48178e-005
3.2278e-006,-0.000928478
3.228e-006,-0.000411134
3.2282e-006,0.000907921
3.2284e-006,0.00160342
3.2286e-006,0.00100728
3.2288e-006,-0.000161027
3.229e-006,-0.000616701
3.2292e-006,9.25052e-005
3.2294e-006,0.00113747
3.2296e-006,0.0013773
3.2298e-006,0.000633832
3.23e-006,-0.000267237
3.2302e-006,-0.000400856
3.2304e-006,0.000274089
3.2306e-006,0.00093533
3.2308e-006,0.000877086
3.231e-006,0.000219272
3.2312e-006,-0.000263811
3.2314e-006,-8.22268e-005
3.2316e-006,0.000548179
3.2318e-006,0.000993574
3.232e-006,0.000866808
3.2322e-006,0.000407708
3.2324e-006,0.000130192
3.2326e-006,0.000253533
3.2328e-006,0.000558457
3.233e-006,0.000692076
3.2332e-006,0.000462526
3.2334e-006,0.000119914
3.2336e-006,6.85227e-006
3.2338e-006,0.000195289
3.234e-006,0.000493361
3.2342e-006,0.000637258
3.2344e-006,0.000558457
3.2346e-006,0.00039743
3.2348e-006,0.000328907
3.235e-006,0.000370021
3.2352e-006,0.000448821
3.2354e-006,0.00047623
3.2356e-006,0.000438543
3.2358e-006,0.000342612
3.236e-006,0.000260385
3.2362e-006,0.000236402
3.2364e-006,0.000294646
3.2366e-006,0.0004591
3.2368e-006,0.000623553
3.237e-006,0.000661241
3.2372e-006,0.000561883
3.2374e-006,0.000373447
3.2376e-006,0.00024668
3.2378e-006,0.000308351
3.238e-006,0.000438543
3.2382e-006,0.000465952
3.2384e-006,0.000346038
3.2386e-006,0.00018501
3.2388e-006,0.000157601
3.239e-006,0.000308351
3.2392e-006,0.000510492
3.2394e-006,0.000575588
3.2396e-006,0.000486509
3.2398e-006,0.000328907
3.24e-006,0.000274089
3.2402e-006,0.000400856
3.2404e-006,0.000592718
3.2406e-006,0.000661241
3.2408e-006,0.000544753
3.241e-006,0.000356316
3.2412e-006,0.000226124
3.2414e-006,0.000260385
3.2416e-006,0.000359742
3.2418e-006,0.000339186
3.242e-006,0.00024668
3.2422e-006,0.000195289
3.2424e-006,0.000301498
3.2426e-006,0.000561883
3.2428e-006,0.000740041
3.243e-006,0.00068865
3.2432e-006,0.000417986
3.2434e-006,0.000140471
3.2436e-006,0.000113062
3.2438e-006,0.000322055
3.244e-006,0.000579014
3.2442e-006,0.000640684
3.2444e-006,0.000455674
3.2446e-006,0.000253533
3.2448e-006,0.000208993
3.245e-006,0.000339186
3.2452e-006,0.000531048
3.2454e-006,0.000592718
3.2456e-006,0.000462526
3.2458e-006,0.000277516
3.246e-006,0.000256959
3.2462e-006,0.000411134
3.2464e-006,0.000572162
3.2466e-006,0.00058244
3.2468e-006,0.000407708
3.247e-006,0.000174732
3.2472e-006,9.59313e-005
3.2474e-006,0.000274089
3.2476e-006,0.000513918
3.2478e-006,0.000592718
3.248e-006,0.000472804
3.2482e-006,0.000298072
3.2484e-006,0.000298072
3.2486e-006,0.000472804
3.2488e-006,0.000640684
3.249e-006,0.000620127
3.2492e-006,0.000417986
3.2494e-006,0.000219272
3.2496e-006,0.000195289
3.2498e-006,0.000394004
3.25e-006,0.000613275
3.2502e-006,0.000616701
3.2504e-006,0.000370021
3.2506e-006,8.90791e-005
3.2508e-006,7.53746e-005
3.251e-006,0.000376873
3.2512e-006,0.000729763
3.2514e-006,0.000832547
3.2516e-006,0.000602997
3.2518e-006,0.000208993
3.252e-006,2.05567e-005
3.2522e-006,0.000205567
3.2524e-006,0.000541327
3.2526e-006,0.000678371
3.2528e-006,0.000483083
3.253e-006,0.000188436
3.2532e-006,0.000164454
3.2534e-006,0.000431691
3.2536e-006,0.000681797
3.2538e-006,0.000637258
3.254e-006,0.000298072
3.2542e-006,3.06954e-011
3.2544e-006,3.76873e-005
3.2546e-006,0.000394004
3.2548e-006,0.000719485
3.255e-006,0.000722911
3.2552e-006,0.000465952
3.2554e-006,0.00022955
3.2556e-006,0.000243254
3.2558e-006,0.0004591
3.256e-006,0.000640684
3.2562e-006,0.00058244
3.2564e-006,0.000390577
3.2566e-006,0.000260385
3.2568e-006,0.000270663
3.257e-006,0.000356316
3.2572e-006,0.000363168
3.2574e-006,0.000311777
3.2576e-006,0.000277516
3.2578e-006,0.00035289
3.258e-006,0.000483083
3.2582e-006,0.000541327
3.2584e-006,0.000531048
3.2586e-006,0.000510492
3.2588e-006,0.000489935
3.259e-006,0.000424839
3.2592e-006,0.000325481
3.2594e-006,0.000274089
3.2596e-006,0.00029122
3.2598e-006,0.000424839
3.26e-006,0.000555031
3.2602e-006,0.000493361
3.2604e-006,0.000284368
3.2606e-006,0.000113062
3.2608e-006,0.000202141
3.261e-006,0.000483083
3.2612e-006,0.000716059
3.2614e-006,0.000685223
3.2616e-006,0.000428265
3.2618e-006,0.000256959
3.262e-006,0.000311777
3.2622e-006,0.00047623
3.2624e-006,0.0005379
3.2626e-006,0.000390577
3.2628e-006,0.000164454
3.263e-006,0.000133619
3.2632e-006,0.000356316
3.2634e-006,0.000585866
3.2636e-006,0.000531048
3.2638e-006,0.000226124
3.264e-006,-1.02783e-005
3.2642e-006,9.93574e-005
3.2644e-006,0.0005379
3.2646e-006,0.000942182
3.2648e-006,0.000959313
3.265e-006,0.000572162
3.2652e-006,0.000161028
3.2654e-006,7.19485e-005
3.2656e-006,0.000294646
3.2658e-006,0.000527622
3.266e-006,0.00047623
3.2662e-006,0.00022955
3.2664e-006,6.85224e-005
3.2666e-006,0.000195289
3.2668e-006,0.000548179
3.267e-006,0.000784581
3.2672e-006,0.000671519
3.2674e-006,0.000301498
3.2676e-006,2.7409e-005
3.2678e-006,9.59313e-005
3.268e-006,0.000411134
3.2682e-006,0.000685223
3.2684e-006,0.000654388
3.2686e-006,0.000407708
3.2688e-006,0.00022955
3.269e-006,0.000284368
3.2692e-006,0.000524196
3.2694e-006,0.000657815
3.2696e-006,0.000507065
3.2698e-006,0.000198715
3.27e-006,1.02784e-005
3.2702e-006,0.000109636
3.2704e-006,0.00039743
3.2706e-006,0.000606423
3.2708e-006,0.000579014
3.271e-006,0.000363168
3.2712e-006,0.000174732
3.2714e-006,0.000256959
3.2716e-006,0.000531048
3.2718e-006,0.000733189
3.272e-006,0.000685223
3.2722e-006,0.000421412
3.2724e-006,0.000181584
3.2726e-006,0.000154175
3.2728e-006,0.000318629
3.273e-006,0.000465952
3.2732e-006,0.000417986
3.2734e-006,0.000222698
3.2736e-006,0.000119914
3.2738e-006,0.000298072
3.274e-006,0.000633832
3.2742e-006,0.000832547
3.2744e-006,0.000695502
3.2746e-006,0.000311777
3.2748e-006,7.53746e-005
3.275e-006,0.000202141
3.2752e-006,0.000517344
3.2754e-006,0.000764024
3.2756e-006,0.00070578
3.2758e-006,0.000322055
3.276e-006,-2.05567e-005
3.2762e-006,-2.74089e-005
3.2764e-006,0.00024668
3.2766e-006,0.000555031
3.2768e-006,0.000623553
3.277e-006,0.000465952
3.2772e-006,0.000304924
3.2774e-006,0.000311777
3.2776e-006,0.000472804
3.2778e-006,0.000579014
3.278e-006,0.000462526
3.2782e-006,0.000243254
3.2784e-006,0.000202141
3.2786e-006,0.000421412
3.2788e-006,0.000716059
3.279e-006,0.000784581
3.2792e-006,0.00047623
3.2794e-006,4.11134e-005
3.2796e-006,-0.000109636
3.2798e-006,9.93574e-005
3.28e-006,0.000483083
3.2802e-006,0.000702354
3.2804e-006,0.000599571
3.2806e-006,0.000366595
3.2808e-006,0.000250107
3.281e-006,0.00035289
3.2812e-006,0.0005379
3.2814e-006,0.000613275
3.2816e-006,0.000500213
3.2818e-006,0.000318629
3.282e-006,0.000267237
3.2822e-006,0.000376873
3.2824e-006,0.000524196
3.2826e-006,0.000561883
3.2828e-006,0.000431691
3.283e-006,0.000253533
3.2832e-006,0.000205567
3.2834e-006,0.000346038
3.2836e-006,0.00052077
3.2838e-006,0.000541327
3.284e-006,0.000359742
3.2842e-006,0.000130192
3.2844e-006,0.000116488
3.2846e-006,0.00035289
3.2848e-006,0.000674945
3.285e-006,0.000859955
3.2852e-006,0.000784581
3.2854e-006,0.00052077
3.2856e-006,0.000274089
3.2858e-006,0.000202141
3.286e-006,0.00024668
3.2862e-006,0.000294646
3.2864e-006,0.000270663
3.2866e-006,0.000208993
3.2868e-006,0.00024668
3.287e-006,0.000421412
3.2872e-006,0.000630406
3.2874e-006,0.000681797
3.2876e-006,0.000496787
3.2878e-006,0.000253533
3.288e-006,0.00016788
3.2882e-006,0.000346038
3.2884e-006,0.000674945
3.2886e-006,0.00082912
3.2888e-006,0.000671519
3.289e-006,0.000325481
3.2892e-006,7.88007e-005
3.2894e-006,0.000119914
3.2896e-006,0.000366595
3.2898e-006,0.000534474
3.29e-006,0.000469378
3.2902e-006,0.000287794
3.2904e-006,0.000181584
3.2906e-006,0.000325481
3.2908e-006,0.000596144
3.291e-006,0.000702354
3.2912e-006,0.0005379
3.2914e-006,0.000270663
3.2916e-006,0.000154175
3.2918e-006,0.000308351
3.292e-006,0.000575588
3.2922e-006,0.000668093
3.2924e-006,0.000486509
3.2926e-006,0.00018501
3.2928e-006,9.25052e-005
3.293e-006,0.000301498
3.2932e-006,0.000602997
3.2934e-006,0.000716059
3.2936e-006,0.000531048
3.2938e-006,0.000205567
3.294e-006,4.11134e-005
3.2942e-006,0.000174732
3.2944e-006,0.000483083
3.2946e-006,0.000685223
3.2948e-006,0.000599571
3.295e-006,0.000359742
3.2952e-006,0.000232976
3.2954e-006,0.000356316
3.2956e-006,0.000579014
3.2958e-006,0.000661241
3.296e-006,0.000510492
3.2962e-006,0.000239828
3.2964e-006,7.88007e-005
3.2966e-006,0.000164454
3.2968e-006,0.000431691
3.297e-006,0.000647536
3.2972e-006,0.000609849
3.2974e-006,0.000390577
3.2976e-006,0.00022955
3.2978e-006,0.000280942
3.298e-006,0.000465952
3.2982e-006,0.000558457
3.2984e-006,0.000462526
3.2986e-006,0.000267237
3.2988e-006,0.000215845
3.299e-006,0.000400856
3.2992e-006,0.000661241
3.2994e-006,0.000764024
3.2996e-006,0.000524196
3.2998e-006,0.000157601
3.3e-006,3.42615e-006
3.3002e-006,0.00018501
3.3004e-006,0.000527622
3.3006e-006,0.000712632
3.3008e-006,0.000596144
3.301e-006,0.000270663
3.3012e-006,5.48179e-005
3.3014e-006,0.000164454
3.3016e-006,0.000465952
3.3018e-006,0.000685223
3.302e-006,0.000637258
3.3022e-006,0.000411134
3.3024e-006,0.000239828
3.3026e-006,0.000298072
3.3028e-006,0.000486509
3.303e-006,0.000548179
3.3032e-006,0.000394004
3.3034e-006,0.000157601
3.3036e-006,0.000102784
3.3038e-006,0.000301498
3.304e-006,0.000606423
3.3042e-006,0.000760598
3.3044e-006,0.000585866
3.3046e-006,0.000236402
3.3048e-006,5.8244e-005
3.305e-006,0.000208993
3.3052e-006,0.000548179
3.3054e-006,0.00076745
3.3056e-006,0.000640684
3.3058e-006,0.000270663
3.306e-006,6.85224e-005
3.3062e-006,0.000212419
3.3064e-006,0.000510492
3.3066e-006,0.00068865
3.3068e-006,0.000572162
3.307e-006,0.000315203
3.3072e-006,0.000161028
3.3074e-006,0.00024668
3.3076e-006,0.000496787
3.3078e-006,0.000640684
3.308e-006,0.000500213
3.3082e-006,0.000219272
3.3084e-006,0.000109636
3.3086e-006,0.000298072
3.3088e-006,0.000630406
3.309e-006,0.000770876
3.3092e-006,0.00058244
3.3094e-006,0.000219272
3.3096e-006,3.42615e-006
3.3098e-006,0.000157601
3.31e-006,0.000510492
3.3102e-006,0.000712632
3.3104e-006,0.000602997
3.3106e-006,0.000322055
3.3108e-006,0.000174732
3.311e-006,0.000304924
3.3112e-006,0.000568735
3.3114e-006,0.000671519
3.3116e-006,0.000503639
3.3118e-006,0.000222698
3.312e-006,7.53746e-005
3.3122e-006,0.000219272
3.3124e-006,0.000534474
3.3126e-006,0.000722911
3.3128e-006,0.000606423
3.313e-006,0.000294646
3.3132e-006,0.000119914
3.3134e-006,0.000256959
3.3136e-006,0.000548179
3.3138e-006,0.000729763
3.314e-006,0.000589292
3.3142e-006,0.000239828
3.3144e-006,2.05567e-005
3.3146e-006,0.000140471
3.3148e-006,0.00047623
3.315e-006,0.000712632
3.3152e-006,0.000630406
3.3154e-006,0.00035289
3.3156e-006,0.000191863
3.3158e-006,0.000311777
3.316e-006,0.000596144
3.3162e-006,0.000753746
3.3164e-006,0.000568735
3.3166e-006,0.000143897
3.3168e-006,-0.000130192
3.317e-006,-1.37044e-005
3.3172e-006,0.00041456
3.3174e-006,0.000801711
3.3176e-006,0.00082912
3.3178e-006,0.00052077
3.318e-006,0.000188436
3.3182e-006,0.000147323
3.3184e-006,0.00041456
3.3186e-006,0.000712632
3.3188e-006,0.000726337
3.319e-006,0.000428265
3.3192e-006,8.5653e-005
3.3194e-006,3.06954e-011
3.3196e-006,0.000250107
3.3198e-006,0.000620127
3.32e-006,0.000801711
3.3202e-006,0.000637258
3.3204e-006,0.000222698
3.3206e-006,-9.25051e-005
3.3208e-006,1.02784e-005
3.321e-006,0.000489935
3.3212e-006,0.000955887
3.3214e-006,0.000942182
3.3216e-006,0.000421412
3.3218e-006,-0.000161027
3.322e-006,-0.00022955
3.3222e-006,0.000342612
3.3224e-006,0.00102441
3.3226e-006,0.00114775
3.3228e-006,0.0005379
3.323e-006,-0.000256959
3.3232e-006,-0.000390577
3.3234e-006,0.000311777
3.3236e-006,0.00112377
3.3238e-006,0.00120257
3.324e-006,0.00039743
3.3242e-006,-0.000513918
3.3244e-006,-0.000609849
3.3246e-006,0.000270663
3.3248e-006,0.00130192
3.325e-006,0.00142184
3.3252e-006,0.000486509
3.3254e-006,-0.000507065
3.3256e-006,-0.000503639
3.3258e-006,0.000548179
3.326e-006,0.00159314
3.3262e-006,0.00150064
3.3264e-006,0.000280942
3.3266e-006,-0.000897643
3.3268e-006,-0.000870234
3.327e-006,0.000349464
3.3272e-006,0.00156916
3.3274e-006,0.00156231
3.3276e-006,0.00035289
3.3278e-006,-0.000815416
3.328e-006,-0.00075032
3.3282e-006,0.000510492
3.3284e-006,0.00172676
3.3286e-006,0.00167195
3.3288e-006,0.000373447
3.329e-006,-0.000856529
3.3292e-006,-0.000760598
3.3294e-006,0.000558457
3.3296e-006,0.00173362
3.3298e-006,0.00153147
3.33e-006,0.000113062
3.3302e-006,-0.00112034
3.3304e-006,-0.000931904
3.3306e-006,0.000541327
3.3308e-006,0.00186038
3.331e-006,0.00171648
3.3312e-006,0.000304924
3.3314e-006,-0.000962739
3.3316e-006,-0.000822268
3.3318e-006,0.000585866
3.332e-006,0.00182612
3.3322e-006,0.00166167
3.3324e-006,0.000253533
3.3326e-006,-0.000966165
3.3328e-006,-0.000760598
3.333e-006,0.000640684
3.3332e-006,0.0018501
3.3334e-006,0.00158629
3.3336e-006,4.45396e-005
3.3338e-006,-0.00125396
3.334e-006,-0.00102441
3.3342e-006,0.000527622
3.3344e-006,0.00190492
3.3346e-006,0.00180556
3.3348e-006,0.000349464
3.335e-006,-0.000962739
3.3352e-006,-0.000808564
3.3354e-006,0.000633832
3.3356e-006,0.00190492
3.3358e-006,0.00171991
3.336e-006,0.000222698
3.3362e-006,-0.00112377
3.3364e-006,-0.000973017
3.3366e-006,0.000493361
3.3368e-006,0.00180899
3.337e-006,0.00164454
3.3372e-006,0.00018501
3.3374e-006,-0.00107237
3.3376e-006,-0.000856529
3.3378e-006,0.000613275
3.338e-006,0.00188094
3.3382e-006,0.00171648
3.3384e-006,0.000284368
3.3386e-006,-0.000949034
3.3388e-006,-0.000716058
3.339e-006,0.000770876
3.3392e-006,0.00197002
3.3394e-006,0.00157944
3.3396e-006,-6.16701e-005
3.3398e-006,-0.00138415
3.34e-006,-0.00107237
3.3402e-006,0.000613275
3.3404e-006,0.00199057
3.3406e-006,0.00175075
3.3408e-006,0.000226124
3.341e-006,-0.00103469
3.3412e-006,-0.000757172
3.3414e-006,0.000798285
3.3416e-006,0.00205224
3.3418e-006,0.00170621
3.342e-006,5.48179e-005
3.3422e-006,-0.00128479
3.3424e-006,-0.000986722
3.3426e-006,0.000650962
3.3428e-006,0.0020077
3.343e-006,0.00172676
3.3432e-006,9.59313e-005
3.3434e-006,-0.00124025
3.3436e-006,-0.000955887
3.3438e-006,0.000637258
3.344e-006,0.00198715
3.3442e-006,0.00179529
3.3444e-006,0.000263811
3.3446e-006,-0.00104154
3.3448e-006,-0.000805138
3.345e-006,0.000692076
3.3452e-006,0.00194261
3.3454e-006,0.00164111
3.3456e-006,2.05567e-005
3.3458e-006,-0.00125396
3.346e-006,-0.000897643
3.3462e-006,0.000698928
3.3464e-006,0.00199057
3.3466e-006,0.00166852
3.3468e-006,4.45396e-005
3.347e-006,-0.00124025
3.3472e-006,-0.000911347
3.3474e-006,0.000729763
3.3476e-006,0.00207623
3.3478e-006,0.00183297
3.348e-006,0.000253533
3.3482e-006,-0.00110321
3.3484e-006,-0.000904495
3.3486e-006,0.000602997
3.3488e-006,0.00189122
3.349e-006,0.00162741
3.3492e-006,5.13918e-005
3.3494e-006,-0.00126424
3.3496e-006,-0.00100728
3.3498e-006,0.000606423
3.35e-006,0.00198715
3.3502e-006,0.00178843
3.3504e-006,0.000260385
3.3506e-006,-0.00105867
3.3508e-006,-0.00087366
3.351e-006,0.000647536
3.3512e-006,0.00198372
3.3514e-006,0.00176102
3.3516e-006,0.000212419
3.3518e-006,-0.00107923
3.352e-006,-0.000825694
3.3522e-006,0.000692076
3.3524e-006,0.00191863
3.3526e-006,0.00159314
3.3528e-006,1.02784e-005
3.353e-006,-0.00126081
3.3532e-006,-0.000949034
3.3534e-006,0.000671519
3.3536e-006,0.00202141
3.3538e-006,0.00176788
3.354e-006,0.000181584
3.3542e-006,-0.00113404
3.3544e-006,-0.000877086
3.3546e-006,0.000695502
3.3548e-006,0.00204197
3.355e-006,0.00182612
3.3552e-006,0.000267237
3.3554e-006,-0.00106895
3.3556e-006,-0.00087366
3.3558e-006,0.000623553
3.356e-006,0.0018501
3.3562e-006,0.0015212
3.3564e-006,-3.0835e-005
3.3566e-006,-0.00128479
3.3568e-006,-0.000952461
3.357e-006,0.000695502
3.3572e-006,0.00202141
3.3574e-006,0.00176102
3.3576e-006,0.00018501
3.3578e-006,-0.00114775
3.358e-006,-0.000921626
3.3582e-006,0.000602997
3.3584e-006,0.00192548
3.3586e-006,0.00175075
3.3588e-006,0.000294646
3.359e-006,-0.000928478
3.3592e-006,-0.000668093
3.3594e-006,0.00076745
3.3596e-006,0.00187066
3.3598e-006,0.00144925
3.36e-006,-0.000188436
3.3602e-006,-0.00145953
3.3604e-006,-0.00109978
3.3606e-006,0.000602997
3.3608e-006,0.0020591
3.361e-006,0.00189464
3.3612e-006,0.000376873
3.3614e-006,-0.000945608
3.3616e-006,-0.000760598
3.3618e-006,0.000685223
3.362e-006,0.00186381
3.3622e-006,0.00158629
3.3624e-006,0.000130192
3.3626e-006,-0.00104839
3.3628e-006,-0.000760598
3.363e-006,0.00068865
3.3632e-006,0.00181584
3.3634e-006,0.00144582
3.3636e-006,-0.000116488
3.3638e-006,-0.00131563
3.364e-006,-0.000914773
3.3642e-006,0.000757172
3.3644e-006,0.00212077
3.3646e-006,0.00189122
3.3648e-006,0.000311777
3.365e-006,-0.00104497
3.3652e-006,-0.000846251
3.3654e-006,0.000620127
3.3656e-006,0.00185696
3.3658e-006,0.00157944
3.366e-006,4.45396e-005
3.3662e-006,-0.00117516
3.3664e-006,-0.000849677
3.3666e-006,0.000722911
3.3668e-006,0.00197687
3.367e-006,0.00166167
3.3672e-006,7.88007e-005
3.3674e-006,-0.0012197
3.3676e-006,-0.000942182
3.3678e-006,0.000654388
3.368e-006,0.0020077
3.3682e-006,0.0017713
3.3684e-006,0.000243254
3.3686e-006,-0.000990148
3.3688e-006,-0.000719485
3.369e-006,0.000760598
3.3692e-006,0.00192205
3.3694e-006,0.00153147
3.3696e-006,-6.16701e-005
3.3698e-006,-0.00131563
3.37e-006,-0.000928478
3.3702e-006,0.000753746
3.3704e-006,0.00213447
3.3706e-006,0.00189464
3.3708e-006,0.000270663
3.371e-006,-0.00111691
3.3712e-006,-0.000918199
3.3714e-006,0.000616701
3.3716e-006,0.0019015
3.3718e-006,0.00163426
3.372e-006,0.00010621
3.3722e-006,-0.00112719
3.3724e-006,-0.000805138
3.3726e-006,0.000770876
3.3728e-006,0.00202484
3.373e-006,0.00168565
3.3732e-006,7.19485e-005
3.3734e-006,-0.0012197
3.3736e-006,-0.000914773
3.3738e-006,0.000681797
3.374e-006,0.00197002
3.3742e-006,0.00168908
3.3744e-006,0.000147323
3.3746e-006,-0.00110321
3.3748e-006,-0.000815416
3.375e-006,0.000722911
3.3752e-006,0.00197344
3.3754e-006,0.00165139
3.3756e-006,6.50963e-005
3.3758e-006,-0.00120257
3.376e-006,-0.000904495
3.3762e-006,0.000657815
3.3764e-006,0.00194603
3.3766e-006,0.00168222
3.3768e-006,0.000137045
3.377e-006,-0.00111349
3.3772e-006,-0.000791433
3.3774e-006,0.000774303
3.3776e-006,0.00201456
3.3778e-006,0.00166167
3.378e-006,3.08351e-005
3.3782e-006,-0.00125053
3.3784e-006,-0.000897643
3.3786e-006,0.000757172
3.3788e-006,0.0020591
3.379e-006,0.00174047
3.3792e-006,0.00012334
3.3794e-006,-0.00119571
3.3796e-006,-0.000911347
3.3798e-006,0.000698928
3.38e-006,0.00203511
3.3802e-006,0.0017713
3.3804e-006,0.00016788
3.3806e-006,-0.00116488
3.3808e-006,-0.000921626
3.381e-006,0.000620127
3.3812e-006,0.00192205
3.3814e-006,0.00164454
3.3816e-006,3.76873e-005
3.3818e-006,-0.00123683
3.382e-006,-0.000849677
3.3822e-006,0.000798285
3.3824e-006,0.00208651
3.3826e-006,0.00173019
3.3828e-006,8.5653e-005
3.383e-006,-0.00125396
3.3832e-006,-0.000969591
3.3834e-006,0.000698928
3.3836e-006,0.00206937
3.3838e-006,0.00177815
3.384e-006,0.000130192
3.3842e-006,-0.00121627
3.3844e-006,-0.000925052
3.3846e-006,0.000698928
3.3848e-006,0.00202141
3.385e-006,0.00171991
3.3852e-006,0.000109636
3.3854e-006,-0.00120257
3.3856e-006,-0.000894217
3.3858e-006,0.000709206
3.386e-006,0.00200428
3.3862e-006,0.00167195
3.3864e-006,5.13918e-005
3.3866e-006,-0.00126081
3.3868e-006,-0.000949034
3.387e-006,0.00070578
3.3872e-006,0.00202826
3.3874e-006,0.00174047
3.3876e-006,0.000181584
3.3878e-006,-0.0010758
3.388e-006,-0.000788007
3.3882e-006,0.000760598
3.3884e-006,0.00202826
3.3886e-006,0.00170278
3.3888e-006,4.11134e-005
3.389e-006,-0.00129507
3.3892e-006,-0.000990148
3.3894e-006,0.000633832
3.3896e-006,0.00198715
3.3898e-006,0.00173019
3.39e-006,0.000150749
3.3902e-006,-0.00112377
3.3904e-006,-0.00082912
3.3906e-006,0.000743467
3.3908e-006,0.00203854
3.391e-006,0.00171991
3.3912e-006,7.88007e-005
3.3914e-006,-0.00124711
3.3916e-006,-0.000938756
3.3918e-006,0.00070578
3.392e-006,0.00204197
3.3922e-006,0.00171306
3.3924e-006,8.90791e-005
3.3926e-006,-0.00120257
3.3928e-006,-0.000901069
3.393e-006,0.000722911
3.3932e-006,0.00201113
3.3934e-006,0.00163768
3.3936e-006,-2.74089e-005
3.3938e-006,-0.00132933
3.394e-006,-0.000973017
3.3942e-006,0.000726337
3.3944e-006,0.00213447
3.3946e-006,0.00187066
3.3948e-006,0.000256959
3.395e-006,-0.00108608
3.3952e-006,-0.000863382
3.3954e-006,0.000674945
3.3956e-006,0.00195631
3.3958e-006,0.00167195
3.396e-006,9.59313e-005
3.3962e-006,-0.00117516
3.3964e-006,-0.00087366
3.3966e-006,0.00068865
3.3968e-006,0.00192548
3.397e-006,0.00154175
3.3972e-006,-8.9079e-005
3.3974e-006,-0.00132248
3.3976e-006,-0.000880512
3.3978e-006,0.000839399
3.398e-006,0.00215845
3.3982e-006,0.00182612
3.3984e-006,0.000164454
3.3986e-006,-0.00116831
3.3988e-006,-0.000859955
3.399e-006,0.000733189
3.3992e-006,0.00201798
3.3994e-006,0.00170278
3.3996e-006,9.59313e-005
3.3998e-006,-0.00118544
3.4e-006,-0.000870234
3.4002e-006,0.000736615
3.4004e-006,0.00199743
3.4006e-006,0.00159657
3.4008e-006,-7.53745e-005
3.401e-006,-0.00134646
3.4012e-006,-0.000945608
3.4014e-006,0.000774303
3.4016e-006,0.00216873
3.4018e-006,0.00186038
3.402e-006,0.000181584
3.4022e-006,-0.00119914
3.4024e-006,-0.000921626
3.4026e-006,0.000664667
3.4028e-006,0.00193576
3.403e-006,0.00165481
3.4032e-006,0.000119914
3.4034e-006,-0.00109978
3.4036e-006,-0.000760598
3.4038e-006,0.000801711
3.404e-006,0.00200085
3.4042e-006,0.00156574
3.4044e-006,-0.000133619
3.4046e-006,-0.00140813
3.4048e-006,-0.00100728
3.405e-006,0.000678371
3.4052e-006,0.00203854
3.4054e-006,0.00175075
3.4056e-006,0.000147323
3.4058e-006,-0.00109293
3.406e-006,-0.000709206
3.4062e-006,0.000901069
3.4064e-006,0.00212077
3.4066e-006,0.0016925
3.4068e-006,1.02784e-005
3.407e-006,-0.00130192
3.4072e-006,-0.000949034
3.4074e-006,0.000702354
3.4076e-006,0.00197687
3.4078e-006,0.00160342
3.408e-006,-6.85223e-005
3.4082e-006,-0.00135674
3.4084e-006,-0.000931904
3.4086e-006,0.000822268
3.4088e-006,0.00220642
3.409e-006,0.00191177
3.4092e-006,0.000253533
3.4094e-006,-0.00109293
3.4096e-006,-0.00081199
3.4098e-006,0.000743467
3.41e-006,0.00194946
3.4102e-006,0.00151777
3.4104e-006,-0.000150749
3.4106e-006,-0.00139443
3.4108e-006,-0.000952461
3.411e-006,0.000794859
3.4112e-006,0.00217558
3.4114e-006,0.00183982
3.4116e-006,0.000133619
3.4118e-006,-0.0012334
3.412e-006,-0.000928478
3.4122e-006,0.000671519
3.4124e-006,0.00195289
3.4126e-006,0.00164111
3.4128e-006,5.13918e-005
3.413e-006,-0.00117173
3.4132e-006,-0.000801711
3.4134e-006,0.000801711
3.4136e-006,0.00202141
3.4138e-006,0.00160342
3.414e-006,-5.48178e-005
3.4142e-006,-0.00129165
3.4144e-006,-0.000863382
3.4146e-006,0.000818842
3.4148e-006,0.00211049
3.415e-006,0.00174732
3.4152e-006,7.19485e-005
3.4154e-006,-0.00125053
3.4156e-006,-0.000907921
3.4158e-006,0.000736615
3.416e-006,0.00201798
3.4162e-006,0.00165481
3.4164e-006,4.45396e-005
3.4166e-006,-0.00119571
3.4168e-006,-0.000839399
3.417e-006,0.000774303
3.4172e-006,0.00204197
3.4174e-006,0.00166852
3.4176e-006,2.7409e-005
3.4178e-006,-0.0012334
3.418e-006,-0.000863382
3.4182e-006,0.000788007
3.4184e-006,0.0020728
3.4186e-006,0.00170278
3.4188e-006,4.79657e-005
3.419e-006,-0.00126081
3.4192e-006,-0.000914773
3.4194e-006,0.00070578
3.4196e-006,0.0020077
3.4198e-006,0.00170278
3.42e-006,5.48179e-005
3.4202e-006,-0.00124711
3.4204e-006,-0.000901069
3.4206e-006,0.000722911
3.4208e-006,0.00201113
3.421e-006,0.00166852
3.4212e-006,7.88007e-005
3.4214e-006,-0.00116831
3.4216e-006,-0.00082912
3.4218e-006,0.000788007
3.422e-006,0.00202826
3.4222e-006,0.00163083
3.4224e-006,2.39829e-005
3.4226e-006,-0.00120257
3.4228e-006,-0.00081199
3.423e-006,0.000839399
3.4232e-006,0.00206252
3.4234e-006,0.00161028
3.4236e-006,-7.53745e-005
3.4238e-006,-0.00136359
3.424e-006,-0.000962739
3.4242e-006,0.000757172
3.4244e-006,0.00211391
3.4246e-006,0.00179529
3.4248e-006,0.000143897
3.425e-006,-0.00113747
3.4252e-006,-0.000770876
3.4254e-006,0.000842825
3.4256e-006,0.00207623
3.4258e-006,0.00166509
3.426e-006,-2.39828e-005
3.4262e-006,-0.00133276
3.4264e-006,-0.000966165
3.4266e-006,0.000695502
3.4268e-006,0.00199057
3.427e-006,0.00165824
3.4272e-006,5.13918e-005
3.4274e-006,-0.00120942
3.4276e-006,-0.000856529
3.4278e-006,0.000743467
3.428e-006,0.00201113
3.4282e-006,0.00169593
3.4284e-006,0.000102784
3.4286e-006,-0.00113404
3.4288e-006,-0.000777729
3.429e-006,0.000764024
3.4292e-006,0.00198372
3.4294e-006,0.00165824
3.4296e-006,9.59313e-005
3.4298e-006,-0.00109978
3.43e-006,-0.000774302
3.4302e-006,0.000698928
3.4304e-006,0.00184668
3.4306e-006,0.00147666
3.4308e-006,-7.53745e-005
3.431e-006,-0.0012334
3.4312e-006,-0.000808564
3.4314e-006,0.000839399
3.4316e-006,0.00211734
3.4318e-006,0.00180556
3.432e-006,0.000215845
3.4322e-006,-0.00110321
3.4324e-006,-0.000883938
3.4326e-006,0.000596144
3.4328e-006,0.00186038
3.433e-006,0.00164796
3.4332e-006,0.000195289
3.4334e-006,-0.0010107
3.4336e-006,-0.00076745
3.4338e-006,0.000678371
3.434e-006,0.00182269
3.4342e-006,0.00148693
3.4344e-006,-6.8522e-006
3.4346e-006,-0.00117858
3.4348e-006,-0.00082912
3.435e-006,0.000774303
3.4352e-006,0.0020728
3.4354e-006,0.00174047
3.4356e-006,0.000137045
3.4358e-006,-0.00117516
3.436e-006,-0.000928478
3.4362e-006,0.000637258
3.4364e-006,0.00196659
3.4366e-006,0.0017576
3.4368e-006,0.000226124
3.437e-006,-0.00107923
3.4372e-006,-0.00082912
3.4374e-006,0.000668093
3.4376e-006,0.0019152
3.4378e-006,0.00166852
3.438e-006,0.000126766
3.4382e-006,-0.00117173
3.4384e-006,-0.000911347
3.4386e-006,0.000664667
3.4388e-006,0.00198715
3.439e-006,0.00173704
3.4392e-006,0.000164454
3.4394e-006,-0.00112034
3.4396e-006,-0.000863382
3.4398e-006,0.000661241
3.44e-006,0.0019152
3.4402e-006,0.00163083
3.4404e-006,9.59313e-005
3.4406e-006,-0.0011409
3.4408e-006,-0.000835973
3.441e-006,0.000716059
3.4412e-006,0.00201798
3.4414e-006,0.00175075
3.4416e-006,0.000157601
3.4418e-006,-0.00117516
3.442e-006,-0.000952461
3.4422e-006,0.000596144
3.4424e-006,0.00189807
3.4426e-006,0.00165481
3.4428e-006,0.000130192
3.443e-006,-0.0011409
3.4432e-006,-0.000835973
3.4434e-006,0.000764024
3.4436e-006,0.00204882
3.4438e-006,0.00174389
3.444e-006,0.000154175
3.4442e-006,-0.00116488
3.4444e-006,-0.00093533
3.4446e-006,0.000589292
3.4448e-006,0.00187751
3.445e-006,0.00163083
3.4452e-006,0.000126766
3.4454e-006,-0.00107923
3.4456e-006,-0.000753746
3.4458e-006,0.000791433
3.446e-006,0.00201798
3.4462e-006,0.00168222
3.4464e-006,4.79657e-005
3.4466e-006,-0.00131906
3.4468e-006,-0.00107923
3.447e-006,0.000527622
3.4472e-006,0.00193918
3.4474e-006,0.00180899
3.4476e-006,0.000346038
3.4478e-006,-0.000925052
3.448e-006,-0.000736615
3.4482e-006,0.000668093
3.4484e-006,0.00184325
3.4486e-006,0.00156574
3.4488e-006,0.000116488
3.449e-006,-0.00107923
3.4492e-006,-0.000822268
3.4494e-006,0.000630406
3.4496e-006,0.00182955
3.4498e-006,0.00159657
3.45e-006,0.000130192
3.4502e-006,-0.00108265
3.4504e-006,-0.000822268
3.4506e-006,0.000633832
3.4508e-006,0.00183982
3.451e-006,0.00161713
3.4512e-006,0.000260385
3.4514e-006,-0.000880512
3.4516e-006,-0.000654388
3.4518e-006,0.000661241
3.452e-006,0.00169593
3.4522e-006,0.00144925
3.4524e-006,0.000195289
3.4526e-006,-0.000770876
3.4528e-006,-0.000555031
3.453e-006,0.000531048
3.4532e-006,0.00138415
3.4534e-006,0.00112377
3.4536e-006,0.000116488
3.4538e-006,-0.000479656
3.454e-006,-9.93574e-005
3.4542e-006,0.000781155
3.4544e-006,0.00116831
3.4546e-006,0.000647536
3.4548e-006,-0.000130192
3.455e-006,-0.000267237
3.4552e-006,0.000435117
3.4554e-006,0.00120599
3.4556e-006,0.00117173
3.4558e-006,0.000359742
3.456e-006,-0.000356316
3.4562e-006,-0.000232976
3.4564e-006,0.000541327
3.4566e-006,0.00107923
3.4568e-006,0.000805138
3.457e-006,5.13918e-005
3.4572e-006,-0.000325481
3.4574e-006,6.50963e-005
3.4576e-006,0.000743467
3.4578e-006,0.000962739
3.458e-006,0.0005379
3.4582e-006,3.42615e-006
3.4584e-006,-3.42609e-006
3.4586e-006,0.000524196
3.4588e-006,0.000955887
3.459e-006,0.000798285
3.4592e-006,0.000174732
3.4594e-006,-0.000256959
3.4596e-006,-3.42611e-005
3.4598e-006,0.000630406
3.46e-006,0.00105182
3.4602e-006,0.000808564
3.4604e-006,0.000164454
3.4606e-006,-0.000215845
3.4608e-006,3.76873e-005
3.461e-006,0.00064411
3.4612e-006,0.00101756
3.4614e-006,0.000764024
3.4616e-006,0.000181584
3.4618e-006,-0.000102783
3.462e-006,0.000150749
3.4622e-006,0.000640684
3.4624e-006,0.000870234
3.4626e-006,0.000602997
3.4628e-006,0.000137045
3.463e-006,-1.71306e-005
3.4632e-006,0.000304924
3.4634e-006,0.000764024
3.4636e-006,0.00087366
3.4638e-006,0.000500213
3.464e-006,3.06954e-011
3.4642e-006,-0.000109636
3.4644e-006,0.000270663
3.4646e-006,0.000760598
3.4648e-006,0.000945608
3.465e-006,0.000654388
3.4652e-006,0.000161028
3.4654e-006,-5.8244e-005
3.4656e-006,0.000188436
3.4658e-006,0.000592718
3.466e-006,0.000743467
3.4662e-006,0.000531048
3.4664e-006,0.00016788
3.4666e-006,3.42612e-005
3.4668e-006,0.000267237
3.467e-006,0.000613275
3.4672e-006,0.000753746
3.4674e-006,0.000558457
3.4676e-006,0.00024668
3.4678e-006,0.000164454
3.468e-006,0.000394004
3.4682e-006,0.000719485
3.4684e-006,0.000798285
3.4686e-006,0.000500213
3.4688e-006,6.85224e-005
3.469e-006,-0.000116488
3.4692e-006,0.00012334
3.4694e-006,0.000531048
3.4696e-006,0.000746894
3.4698e-006,0.000620127
3.47e-006,0.000277516
3.4702e-006,0.000119914
3.4704e-006,0.000304924
3.4706e-006,0.000589292
3.4708e-006,0.000685223
3.471e-006,0.000493361
3.4712e-006,0.000195289
3.4714e-006,9.25052e-005
3.4716e-006,0.000301498
3.4718e-006,0.000640684
3.472e-006,0.000760598
3.4722e-006,0.000558457
3.4724e-006,0.000236402
3.4726e-006,6.85224e-005
3.4728e-006,0.00022955
3.473e-006,0.000544753
3.4732e-006,0.00064411
3.4734e-006,0.000404282
3.4736e-006,0.000102784
3.4738e-006,2.39829e-005
3.474e-006,0.000287794
3.4742e-006,0.000722911
3.4744e-006,0.000938756
3.4746e-006,0.000736615
3.4748e-006,0.000339186
3.475e-006,0.000109636
3.4752e-006,0.000164454
3.4754e-006,0.000380299
3.4756e-006,0.000517344
3.4758e-006,0.000462526
3.476e-006,0.000315203
3.4762e-006,0.000263811
3.4764e-006,0.000407708
3.4766e-006,0.000602997
3.4768e-006,0.000623553
3.477e-006,0.000421412
3.4772e-006,0.000198715
3.4774e-006,0.000154175
3.4776e-006,0.00035289
3.4778e-006,0.000630406
3.478e-006,0.000716059
3.4782e-006,0.000531048
3.4784e-006,0.000222698
3.4786e-006,7.19485e-005
3.4788e-006,0.000208993
3.479e-006,0.000479656
3.4792e-006,0.000674945
3.4794e-006,0.000640684
3.4796e-006,0.000417986
3.4798e-006,0.000219272
3.48e-006,0.00022955
3.4802e-006,0.000435117
3.4804e-006,0.000589292
3.4806e-006,0.000551605
3.4808e-006,0.000342612
3.481e-006,0.000150749
3.4812e-006,0.000219272
3.4814e-006,0.000455674
3.4816e-006,0.000620127
3.4818e-006,0.000561883
3.482e-006,0.000304924
3.4822e-006,0.000109636
3.4824e-006,0.000236402
3.4826e-006,0.000579014
3.4828e-006,0.00082912
3.483e-006,0.000736615
3.4832e-006,0.000366595
3.4834e-006,3.42612e-005
3.4836e-006,2.05567e-005
3.4838e-006,0.000322055
3.484e-006,0.000609849
3.4842e-006,0.000609849
3.4844e-006,0.000339186
3.4846e-006,0.000130192
3.4848e-006,0.00022955
3.485e-006,0.000565309
3.4852e-006,0.000818842
3.4854e-006,0.000716059
3.4856e-006,0.000356316
3.4858e-006,0.000116488
3.486e-006,0.000205567
3.4862e-006,0.000517344
3.4864e-006,0.000740041
3.4866e-006,0.000647536
3.4868e-006,0.000284368
3.487e-006,-2.74089e-005
3.4872e-006,1.71306e-005
3.4874e-006,0.000328907
3.4876e-006,0.000626979
3.4878e-006,0.000668093
3.488e-006,0.000469378
3.4882e-006,0.000277516
3.4884e-006,0.000270663
3.4886e-006,0.000438543
3.4888e-006,0.000620127
3.489e-006,0.000620127
3.4892e-006,0.000428265
3.4894e-006,0.000243254
3.4896e-006,0.000208993
3.4898e-006,0.000363168
3.49e-006,0.000541327
3.4902e-006,0.000551605
3.4904e-006,0.000390577
3.4906e-006,0.000191863
3.4908e-006,0.000161028
3.491e-006,0.000363168
3.4912e-006,0.000623553
3.4914e-006,0.000695502
3.4916e-006,0.000489935
3.4918e-006,0.00018501
3.492e-006,6.85224e-005
3.4922e-006,0.000198715
3.4924e-006,0.000431691
3.4926e-006,0.000585866
3.4928e-006,0.000534474
3.493e-006,0.000380299
3.4932e-006,0.000311777
3.4934e-006,0.000417986
3.4936e-006,0.000568735
3.4938e-006,0.000572162
3.494e-006,0.000394004
3.4942e-006,0.000198715
3.4944e-006,0.000157601
3.4946e-006,0.000328907
3.4948e-006,0.000561883
3.495e-006,0.000630406
3.4952e-006,0.000455674
3.4954e-006,0.000181584
3.4956e-006,8.22268e-005
3.4958e-006,0.000287794
3.496e-006,0.000616701
3.4962e-006,0.000746894
3.4964e-006,0.000568735
3.4966e-006,0.000260385
3.4968e-006,0.000109636
3.497e-006,0.000226124
3.4972e-006,0.000503639
3.4974e-006,0.000692076
3.4976e-006,0.000626979
3.4978e-006,0.000407708
3.498e-006,0.000280942
3.4982e-006,0.000349464
3.4984e-006,0.000483083
3.4986e-006,0.000513918
3.4988e-006,0.000390577
3.499e-006,0.000188436
3.4992e-006,0.000116488
3.4994e-006,0.000274089
3.4996e-006,0.0005379
3.4998e-006,0.000678371
3.5e-006,0.000561883
3.5002e-006,0.000315203
3.5004e-006,0.000202141
3.5006e-006,0.000356316
3.5008e-006,0.000609849
3.501e-006,0.000698928
3.5012e-006,0.0005379
3.5014e-006,0.000253533
3.5016e-006,0.000109636
3.5018e-006,0.000232976
3.502e-006,0.000496787
3.5022e-006,0.000633832
3.5024e-006,0.000541327
3.5026e-006,0.000318629
3.5028e-006,0.00018501
3.503e-006,0.000274089
3.5032e-006,0.00052077
3.5034e-006,0.000654388
3.5036e-006,0.000534474
3.5038e-006,0.000315203
3.504e-006,0.000191863
3.5042e-006,0.000284368
3.5044e-006,0.000544753
3.5046e-006,0.000698928
3.5048e-006,0.000565309
3.505e-006,0.000277516
3.5052e-006,9.59313e-005
3.5054e-006,0.000181584
3.5056e-006,0.0004591
3.5058e-006,0.000674945
3.506e-006,0.000657815
3.5062e-006,0.000472804
3.5064e-006,0.000322055
3.5066e-006,0.000373447
3.5068e-006,0.000555031
3.507e-006,0.000613275
3.5072e-006,0.000431691
3.5074e-006,0.000140471
3.5076e-006,-1.37044e-005
3.5078e-006,0.000130192
3.508e-006,0.000462526
3.5082e-006,0.000681797
3.5084e-006,0.000623553
3.5086e-006,0.000390577
3.5088e-006,0.000277516
3.509e-006,0.000411134
3.5092e-006,0.000654388
3.5094e-006,0.000726337
3.5096e-006,0.000496787
3.5098e-006,0.000137045
3.51e-006,-3.76873e-005
3.5102e-006,0.000174732
3.5104e-006,0.000534474
3.5106e-006,0.000729763
3.5108e-006,0.000599571
3.511e-006,0.000280942
3.5112e-006,0.00012334
3.5114e-006,0.000277516
3.5116e-006,0.000592718
3.5118e-006,0.000736615
3.512e-006,0.000507065
3.5122e-006,0.000133619
3.5124e-006,-6.8522e-006
3.5126e-006,0.000215845
3.5128e-006,0.000602997
3.513e-006,0.000794859
3.5132e-006,0.000623553
3.5134e-006,0.000270663
3.5136e-006,9.93574e-005
3.5138e-006,0.000232976
3.514e-006,0.00047623
3.5142e-006,0.000613275
3.5144e-006,0.000527622
3.5146e-006,0.000294646
3.5148e-006,0.000205567
3.515e-006,0.000363168
3.5152e-006,0.000602997
3.5154e-006,0.00068865
3.5156e-006,0.00047623
3.5158e-006,0.000140471
3.516e-006,-3.0835e-005
3.5162e-006,0.000126766
3.5164e-006,0.000472804
3.5166e-006,0.000716059
3.5168e-006,0.000681797
3.517e-006,0.00047623
3.5172e-006,0.000346038
3.5174e-006,0.000376873
3.5176e-006,0.00052077
3.5178e-006,0.000558457
3.518e-006,0.000383725
3.5182e-006,0.000150749
3.5184e-006,9.25052e-005
3.5186e-006,0.000263811
3.5188e-006,0.000527622
3.519e-006,0.000650962
3.5192e-006,0.000544753
3.5194e-006,0.000315203
3.5196e-006,0.000191863
3.5198e-006,0.000318629
3.52e-006,0.000568735
3.5202e-006,0.000678371
3.5204e-006,0.000544753
3.5206e-006,0.000274089
3.5208e-006,0.000113062
3.521e-006,0.000205567
3.5212e-006,0.0004591
3.5214e-006,0.000640684
3.5216e-006,0.000602997
3.5218e-006,0.000380299
3.522e-006,0.000143897
3.5222e-006,8.22268e-005
3.5224e-006,0.00022955
3.5226e-006,0.000435117
3.5228e-006,0.000517344
3.523e-006,0.000455674
3.5232e-006,0.000376873
3.5234e-006,0.000400856
3.5236e-006,0.000517344
3.5238e-006,0.000620127
3.524e-006,0.000616701
3.5242e-006,0.000469378
3.5244e-006,0.000308351
3.5246e-006,0.000280942
3.5248e-006,0.000332333
3.525e-006,0.000380299
3.5252e-006,0.000363168
3.5254e-006,0.000239828
3.5256e-006,9.93574e-005
3.5258e-006,0.000130192
3.526e-006,0.00035289
3.5262e-006,0.000596144
3.5264e-006,0.000716059
3.5266e-006,0.00064411
3.5268e-006,0.000452248
3.527e-006,0.000342612
3.5272e-006,0.000400856
3.5274e-006,0.0005379
3.5276e-006,0.000548179
3.5278e-006,0.000363168
3.528e-006,0.000126766
3.5282e-006,6.85227e-006
3.5284e-006,0.000133619
3.5286e-006,0.000417986
3.5288e-006,0.000616701
3.529e-006,0.000589292
3.5292e-006,0.000421412
3.5294e-006,0.000311777
3.5296e-006,0.00033576
3.5298e-006,0.000462526
3.53e-006,0.000568735
3.5302e-006,0.000500213
3.5304e-006,0.000339186
3.5306e-006,0.000294646
3.5308e-006,0.000394004
3.531e-006,0.000558457
3.5312e-006,0.000609849
3.5314e-006,0.000445395
3.5316e-006,0.000188436
3.5318e-006,7.19485e-005
3.532e-006,0.000198715
3.5322e-006,0.000421412
3.5324e-006,0.000531048
3.5326e-006,0.000462526
3.5328e-006,0.000308351
3.533e-006,0.000267237
3.5332e-006,0.000462526
3.5334e-006,0.000729763
3.5336e-006,0.000801711
3.5338e-006,0.000596144
3.534e-006,0.000270663
3.5342e-006,6.85224e-005
3.5344e-006,0.000143897
3.5346e-006,0.000407708
3.5348e-006,0.000640684
3.535e-006,0.000647536
3.5352e-006,0.000455674
3.5354e-006,0.000287794
3.5356e-006,0.000298072
3.5358e-006,0.000407708
3.536e-006,0.000438543
3.5362e-006,0.000325481
3.5364e-006,0.000174732
3.5366e-006,0.00016788
3.5368e-006,0.000370021
3.537e-006,0.000671519
3.5372e-006,0.000839399
3.5374e-006,0.000722911
3.5376e-006,0.000441969
3.5378e-006,0.000253533
3.538e-006,0.000294646
3.5382e-006,0.0004591
3.5384e-006,0.000551605
3.5386e-006,0.000417986
3.5388e-006,0.000147323
3.539e-006,-1.71306e-005
3.5392e-006,7.53746e-005
3.5394e-006,0.000359742
3.5396e-006,0.00058244
3.5398e-006,0.000596144
3.54e-006,0.0004591
3.5402e-006,0.000363168
3.5404e-006,0.000431691
3.5406e-006,0.00058244
3.5408e-006,0.000654388
3.541e-006,0.000527622
3.5412e-006,0.000298072
3.5414e-006,0.000157601
3.5416e-006,0.000256959
3.5418e-006,0.000496787
3.542e-006,0.000620127
3.5422e-006,0.000500213
3.5424e-006,0.000226124
3.5426e-006,5.48179e-005
3.5428e-006,0.000137045
3.543e-006,0.000394004
3.5432e-006,0.000592718
3.5434e-006,0.000565309
3.5436e-006,0.00041456
3.5438e-006,0.000322055
3.544e-006,0.000400856
3.5442e-006,0.000572162
3.5444e-006,0.000661241
3.5446e-006,0.000531048
3.5448e-006,0.000239828
3.545e-006,5.8244e-005
3.5452e-006,0.000164454
3.5454e-006,0.000431691
3.5456e-006,0.00058244
3.5458e-006,0.000472804
3.546e-006,0.000239828
3.5462e-006,0.000174732
3.5464e-006,0.000363168
3.5466e-006,0.00064411
3.5468e-006,0.000784581
3.547e-006,0.000650962
3.5472e-006,0.000315203
3.5474e-006,6.16701e-005
3.5476e-006,0.000137045
3.5478e-006,0.000424839
3.548e-006,0.000630406
3.5482e-006,0.000572162
3.5484e-006,0.000328907
3.5486e-006,0.000157601
3.5488e-006,0.000253533
3.549e-006,0.000541327
3.5492e-006,0.000719485
3.5494e-006,0.000613275
3.5496e-006,0.000301498
3.5498e-006,4.79657e-005
3.55e-006,9.59313e-005
3.5502e-006,0.000424839
3.5504e-006,0.000733189
3.5506e-006,0.000719485
3.5508e-006,0.000438543
3.551e-006,0.000188436
3.5512e-006,0.000178158
3.5514e-006,0.000404282
3.5516e-006,0.000579014
3.5518e-006,0.000465952
3.552e-006,0.00022955
3.5522e-006,0.000133619
3.5524e-006,0.000304924
3.5526e-006,0.000623553
3.5528e-006,0.000815416
3.553e-006,0.000668093
3.5532e-006,0.000280942
3.5534e-006,1.71306e-005
3.5536e-006,0.000143897
3.5538e-006,0.000524196
3.554e-006,0.000757172
3.5542e-006,0.000630406
3.5544e-006,0.000256959
3.5546e-006,-6.8522e-006
3.5548e-006,9.25052e-005
3.555e-006,0.0004591
3.5552e-006,0.000743467
3.5554e-006,0.000671519
3.5556e-006,0.000342612
3.5558e-006,0.000116488
3.556e-006,0.000226124
3.5562e-006,0.000544753
3.5564e-006,0.000716059
3.5566e-006,0.000544753
3.5568e-006,0.000202141
3.557e-006,2.7409e-005
3.5572e-006,0.000222698
3.5574e-006,0.000623553
3.5576e-006,0.000870234
3.5578e-006,0.000719485
3.558e-006,0.000267237
3.5582e-006,-5.8244e-005
3.5584e-006,3.08351e-005
3.5586e-006,0.00041456
3.5588e-006,0.000678371
3.559e-006,0.000613275
3.5592e-006,0.000311777
3.5594e-006,0.000102784
3.5596e-006,0.000239828
3.5598e-006,0.000585866
3.56e-006,0.000808564
3.5602e-006,0.00068865
3.5604e-006,0.000325481
3.5606e-006,7.53746e-005
3.5608e-006,0.00018501
3.561e-006,0.000510492
3.5612e-006,0.000729763
3.5614e-006,0.000596144
3.5616e-006,0.000243254
3.5618e-006,1.71306e-005
3.562e-006,0.000119914
3.5622e-006,0.000483083
3.5624e-006,0.000760598
3.5626e-006,0.000661241
3.5628e-006,0.000315203
3.563e-006,6.16701e-005
3.5632e-006,0.000113062
3.5634e-006,0.000428265
3.5636e-006,0.000702354
3.5638e-006,0.000654388
3.564e-006,0.000373447
3.5642e-006,0.000198715
3.5644e-006,0.000308351
3.5646e-006,0.00058244
3.5648e-006,0.000736615
3.565e-006,0.000589292
3.5652e-006,0.000236402
3.5654e-006,3.42615e-006
3.5656e-006,0.000119914
3.5658e-006,0.000417986
3.566e-006,0.000616701
3.5662e-006,0.0005379
3.5664e-006,0.000243254
3.5666e-006,5.48179e-005
3.5668e-006,0.000226124
3.567e-006,0.000661241
3.5672e-006,0.000952461
3.5674e-006,0.000832547
3.5676e-006,0.000462526
3.5678e-006,0.000150749
3.568e-006,0.000147323
3.5682e-006,0.000356316
3.5684e-006,0.000513918
3.5686e-006,0.000455674
3.5688e-006,0.000239828
3.569e-006,0.000126766
3.5692e-006,0.000294646
3.5694e-006,0.000620127
3.5696e-006,0.000726337
3.5698e-006,0.000527622
3.57e-006,0.000198715
3.5702e-006,2.39829e-005
3.5704e-006,0.000219272
3.5706e-006,0.000637258
3.5708e-006,0.000894217
3.571e-006,0.000753746
3.5712e-006,0.000311777
3.5714e-006,-6.16701e-005
3.5716e-006,-1.37044e-005
3.5718e-006,0.000359742
3.572e-006,0.000668093
3.5722e-006,0.000657815
3.5724e-006,0.000394004
3.5726e-006,0.000174732
3.5728e-006,0.000239828
3.573e-006,0.000507065
3.5732e-006,0.000647536
3.5734e-006,0.000496787
3.5736e-006,0.000202141
3.5738e-006,5.48179e-005
3.574e-006,0.000226124
3.5742e-006,0.000623553
3.5744e-006,0.000897643
3.5746e-006,0.000743467
3.5748e-006,0.000284368
3.575e-006,-4.11134e-005
3.5752e-006,6.16701e-005
3.5754e-006,0.000469378
3.5756e-006,0.000777729
3.5758e-006,0.000716059
3.576e-006,0.00035289
3.5762e-006,3.76873e-005
3.5764e-006,4.45396e-005
3.5766e-006,0.000363168
3.5768e-006,0.000709206
3.577e-006,0.000743467
3.5772e-006,0.000486509
3.5774e-006,0.000256959
3.5776e-006,0.000277516
3.5778e-006,0.000489935
3.578e-006,0.000640684
3.5782e-006,0.000551605
3.5784e-006,0.000280942
3.5786e-006,0.000119914
3.5788e-006,0.000222698
3.579e-006,0.0004591
3.5792e-006,0.000620127
3.5794e-006,0.000496787
3.5796e-006,0.000181584
3.5798e-006,6.85227e-006
3.58e-006,0.000198715
3.5802e-006,0.000640684
3.5804e-006,0.000921626
3.5806e-006,0.000808564
3.5808e-006,0.000411134
3.581e-006,8.90791e-005
3.5812e-006,0.000109636
3.5814e-006,0.00041456
3.5816e-006,0.000709206
3.5818e-006,0.000671519
3.582e-006,0.000359742
3.5822e-006,0.00012334
3.5824e-006,0.000191863
3.5826e-006,0.000469378
3.5828e-006,0.000668093
3.583e-006,0.000589292
3.5832e-006,0.000308351
3.5834e-006,0.000102784
3.5836e-006,0.000202141
3.5838e-006,0.000548179
3.584e-006,0.000774303
3.5842e-006,0.000678371
3.5844e-006,0.00033576
3.5846e-006,6.50963e-005
3.5848e-006,0.000171306
3.585e-006,0.000531048
3.5852e-006,0.000784581
3.5854e-006,0.000702354
3.5856e-006,0.000342612
3.5858e-006,4.79657e-005
3.586e-006,0.000137045
3.5862e-006,0.000496787
3.5864e-006,0.00075032
3.5866e-006,0.000633832
3.5868e-006,0.000243254
3.587e-006,-1.37044e-005
3.5872e-006,0.000113062
3.5874e-006,0.000507065
3.5876e-006,0.000791433
3.5878e-006,0.000716059
3.588e-006,0.000390577
3.5882e-006,0.000174732
3.5884e-006,0.000239828
3.5886e-006,0.000513918
3.5888e-006,0.000702354
3.589e-006,0.000558457
3.5892e-006,0.000188436
3.5894e-006,-4.11134e-005
3.5896e-006,0.000140471
3.5898e-006,0.000568735
3.59e-006,0.000883938
3.5902e-006,0.000798285
3.5904e-006,0.000380299
3.5906e-006,3.76873e-005
3.5908e-006,5.48179e-005
3.591e-006,0.00035289
3.5912e-006,0.000630406
3.5914e-006,0.000623553
3.5916e-006,0.00035289
3.5918e-006,0.000143897
3.592e-006,0.000205567
3.5922e-006,0.000493361
3.5924e-006,0.000726337
3.5926e-006,0.000650962
3.5928e-006,0.000332333
3.593e-006,0.000130192
3.5932e-006,0.000236402
3.5934e-006,0.000548179
3.5936e-006,0.000736615
3.5938e-006,0.000575588
3.594e-006,0.000208993
3.5942e-006,-2.05567e-005
3.5944e-006,9.25052e-005
3.5946e-006,0.000441969
3.5948e-006,0.00070578
3.595e-006,0.000626979
3.5952e-006,0.000322055
3.5954e-006,0.000157601
3.5956e-006,0.000332333
3.5958e-006,0.000692076
3.596e-006,0.000887364
3.5962e-006,0.000685223
3.5964e-006,0.000178158
3.5966e-006,-0.000178158
3.5968e-006,-6.16701e-005
3.597e-006,0.000387151
3.5972e-006,0.000746894
3.5974e-006,0.000712632
3.5976e-006,0.000400856
3.5978e-006,0.000164454
3.598e-006,0.000239828
3.5982e-006,0.000558457
3.5984e-006,0.000784581
3.5986e-006,0.000661241
3.5988e-006,0.000287794
3.599e-006,3.08351e-005
3.5992e-006,0.000126766
3.5994e-006,0.000493361
3.5996e-006,0.000740041
3.5998e-006,0.000599571
3.6e-006,0.000219272
3.6002e-006,-1.71306e-005
3.6004e-006,0.000150749
3.6006e-006,0.000592718
3.6008e-006,0.000901069
3.601e-006,0.000770876
3.6012e-006,0.000325481
3.6014e-006,-2.39828e-005
3.6016e-006,2.39829e-005
3.6018e-006,0.000376873
3.602e-006,0.000685223
3.6022e-006,0.000654388
3.6024e-006,0.000349464
3.6026e-006,0.000150749
3.6028e-006,0.000256959
3.603e-006,0.000558457
3.6032e-006,0.000770876
3.6034e-006,0.000633832
3.6036e-006,0.000236402
3.6038e-006,-5.8244e-005
3.604e-006,3.42612e-005
3.6042e-006,0.000428265
3.6044e-006,0.000729763
3.6046e-006,0.000685223
3.6048e-006,0.000376873
3.605e-006,0.000147323
3.6052e-006,0.000236402
3.6054e-006,0.00058244
3.6056e-006,0.00081199
3.6058e-006,0.00068865
3.606e-006,0.000328907
3.6062e-006,2.7409e-005
3.6064e-006,4.79657e-005
3.6066e-006,0.000356316
3.6068e-006,0.000620127
3.607e-006,0.000572162
3.6072e-006,0.000301498
3.6074e-006,0.000161028
3.6076e-006,0.00033576
3.6078e-006,0.000698928
3.608e-006,0.000897643
3.6082e-006,0.000681797
3.6084e-006,0.000198715
3.6086e-006,-0.000150749
3.6088e-006,-5.48178e-005
3.609e-006,0.000390577
3.6092e-006,0.00076745
3.6094e-006,0.000788007
3.6096e-006,0.000455674
3.6098e-006,0.000113062
3.61e-006,0.000130192
3.6102e-006,0.000445395
3.6104e-006,0.000753746
3.6106e-006,0.000712632
3.6108e-006,0.000363168
3.611e-006,0.00010621
3.6112e-006,0.00018501
3.6114e-006,0.000510492
3.6116e-006,0.000746894
3.6118e-006,0.00064411
3.612e-006,0.000277516
3.6122e-006,-3.42609e-006
3.6124e-006,0.000102784
3.6126e-006,0.00047623
3.6128e-006,0.000729763
3.613e-006,0.000626979
3.6132e-006,0.000274089
3.6134e-006,4.79657e-005
3.6136e-006,0.000195289
3.6138e-006,0.000592718
3.614e-006,0.000818842
3.6142e-006,0.000640684
3.6144e-006,0.000219272
3.6146e-006,-4.79656e-005
3.6148e-006,9.93574e-005
3.615e-006,0.00052077
3.6152e-006,0.000835973
3.6154e-006,0.000746894
3.6156e-006,0.000359742
3.6158e-006,7.19485e-005
3.616e-006,0.000147323
3.6162e-006,0.000452248
3.6164e-006,0.000650962
3.6166e-006,0.000507065
3.6168e-006,0.000181584
3.617e-006,2.05567e-005
3.6172e-006,0.000198715
3.6174e-006,0.000630406
3.6176e-006,0.000914773
3.6178e-006,0.000753746
3.618e-006,0.000318629
3.6182e-006,6.85227e-006
3.6184e-006,9.25052e-005
3.6186e-006,0.000489935
3.6188e-006,0.00076745
3.619e-006,0.000633832
3.6192e-006,0.00022955
3.6194e-006,-6.16701e-005
3.6196e-006,3.08351e-005
3.6198e-006,0.000438543
3.62e-006,0.00076745
3.6202e-006,0.000743467
3.6204e-006,0.0004591
3.6206e-006,0.000219272
3.6208e-006,0.000277516
3.621e-006,0.000555031
3.6212e-006,0.000729763
3.6214e-006,0.000609849
3.6216e-006,0.000243254
3.6218e-006,-2.05567e-005
3.622e-006,6.16701e-005
3.6222e-006,0.00039743
3.6224e-006,0.000695502
3.6226e-006,0.000671519
3.6228e-006,0.000356316
3.623e-006,0.000102784
3.6232e-006,0.000195289
3.6234e-006,0.000524196
3.6236e-006,0.000743467
3.6238e-006,0.000647536
3.624e-006,0.000359742
3.6242e-006,0.00016788
3.6244e-006,0.000267237
3.6246e-006,0.000579014
3.6248e-006,0.000764024
3.625e-006,0.00058244
3.6252e-006,0.000195289
3.6254e-006,-5.8244e-005
3.6256e-006,9.25052e-005
3.6258e-006,0.000500213
3.626e-006,0.00076745
3.6262e-006,0.000657815
3.6264e-006,0.00029122
3.6266e-006,6.85224e-005
3.6268e-006,0.000222698
3.627e-006,0.00058244
3.6272e-006,0.000798285
3.6274e-006,0.000661241
3.6276e-006,0.000263811
3.6278e-006,-1.02783e-005
3.628e-006,9.25052e-005
3.6282e-006,0.000455674
3.6284e-006,0.000736615
3.6286e-006,0.000654388
3.6288e-006,0.000332333
3.629e-006,0.000109636
3.6292e-006,0.000198715
3.6294e-006,0.000507065
3.6296e-006,0.000712632
3.6298e-006,0.000568735
3.63e-006,0.000222698
3.6302e-006,2.7409e-005
3.6304e-006,0.000171306
3.6306e-006,0.0005379
3.6308e-006,0.00081199
3.631e-006,0.000743467
3.6312e-006,0.000390577
3.6314e-006,6.50963e-005
3.6316e-006,3.42612e-005
3.6318e-006,0.000298072
3.632e-006,0.000575588
3.6322e-006,0.000606423
3.6324e-006,0.000431691
3.6326e-006,0.000267237
3.6328e-006,0.000280942
3.633e-006,0.000465952
3.6332e-006,0.000596144
3.6334e-006,0.000489935
3.6336e-006,0.000284368
3.6338e-006,0.000195289
3.634e-006,0.000373447
3.6342e-006,0.000674945
3.6344e-006,0.000791433
3.6346e-006,0.00058244
3.6348e-006,0.000195289
3.635e-006,-8.22268e-005
3.6352e-006,-1.37044e-005
3.6354e-006,0.000332333
3.6356e-006,0.000657815
3.6358e-006,0.000709206
3.636e-006,0.000507065
3.6362e-006,0.000328907
3.6364e-006,0.000394004
3.6366e-006,0.000609849
3.6368e-006,0.000729763
3.637e-006,0.000555031
3.6372e-006,0.000205567
3.6374e-006,3.06954e-011
3.6376e-006,0.00010621
3.6378e-006,0.000441969
3.638e-006,0.000681797
3.6382e-006,0.000599571
3.6384e-006,0.000287794
3.6386e-006,1.71306e-005
3.6388e-006,6.50963e-005
3.639e-006,0.000428265
3.6392e-006,0.000757172
3.6394e-006,0.000774303
3.6396e-006,0.000517344
3.6398e-006,0.000280942
3.64e-006,0.000287794
3.6402e-006,0.000465952
3.6404e-006,0.000572162
3.6406e-006,0.000428265
3.6408e-006,0.000161028
3.641e-006,6.16701e-005
3.6412e-006,0.00022955
3.6414e-006,0.000534474
3.6416e-006,0.000729763
3.6418e-006,0.000592718
3.642e-006,0.000267237
3.6422e-006,8.22268e-005
3.6424e-006,0.000205567
3.6426e-006,0.000527622
3.6428e-006,0.000729763
3.643e-006,0.000647536
3.6432e-006,0.000349464
3.6434e-006,0.000119914
3.6436e-006,0.000195289
3.6438e-006,0.000503639
3.644e-006,0.000736615
3.6442e-006,0.000650962
3.6444e-006,0.000342612
3.6446e-006,0.000102784
3.6448e-006,0.000161028
3.645e-006,0.000435117
3.6452e-006,0.000613275
3.6454e-006,0.000493361
3.6456e-006,0.000191863
3.6458e-006,2.7409e-005
3.646e-006,0.00016788
3.6462e-006,0.000531048
3.6464e-006,0.000832547
3.6466e-006,0.000808564
3.6468e-006,0.000462526
3.647e-006,0.000130192
3.6472e-006,0.000119914
3.6474e-006,0.000359742
3.6476e-006,0.000609849
3.6478e-006,0.000609849
3.648e-006,0.000339186
3.6482e-006,0.000113062
3.6484e-006,0.000157601
3.6486e-006,0.000424839
3.6488e-006,0.000668093
3.649e-006,0.000640684
3.6492e-006,0.000376873
3.6494e-006,0.000133619
3.6496e-006,0.000143897
3.6498e-006,0.000383725
3.65e-006,0.000609849
3.6502e-006,0.000609849
3.6504e-006,0.000400856
3.6506e-006,0.000219272
3.6508e-006,0.000260385
3.651e-006,0.000507065
3.6512e-006,0.000698928
3.6514e-006,0.000609849
3.6516e-006,0.000328907
3.6518e-006,9.93574e-005
3.652e-006,9.93574e-005
3.6522e-006,0.000298072
3.6524e-006,0.000489935
3.6526e-006,0.000489935
3.6528e-006,0.000373447
3.653e-006,0.00035289
3.6532e-006,0.000524196
3.6534e-006,0.00075032
3.6536e-006,0.000753746
3.6538e-006,0.000486509
3.654e-006,0.000164454
3.6542e-006,2.7409e-005
3.6544e-006,0.000174732
3.6546e-006,0.000438543
3.6548e-006,0.000555031
3.655e-006,0.000431691
3.6552e-006,0.000267237
3.6554e-006,0.000263811
3.6556e-006,0.000465952
3.6558e-006,0.000668093
3.656e-006,0.000661241
3.6562e-006,0.000448821
3.6564e-006,0.000250107
3.6566e-006,0.000280942
3.6568e-006,0.000489935
3.657e-006,0.000640684
3.6572e-006,0.000524196
3.6574e-006,0.000222698
3.6576e-006,1.37045e-005
3.6578e-006,0.00010621
3.658e-006,0.000428265
3.6582e-006,0.000664667
3.6584e-006,0.000616701
3.6586e-006,0.000387151
3.6588e-006,0.000243254
3.659e-006,0.000342612
3.6592e-006,0.000585866
3.6594e-006,0.00068865
3.6596e-006,0.00052077
3.6598e-006,0.00022955
3.66e-006,0.000119914
3.6602e-006,0.000287794
3.6604e-006,0.000544753
3.6606e-006,0.000620127
3.6608e-006,0.000417986
3.661e-006,0.000126766
3.6612e-006,3.08351e-005
3.6614e-006,0.000270663
3.6616e-006,0.000609849
3.6618e-006,0.000740041
3.662e-006,0.000565309
3.6622e-006,0.000256959
3.6624e-006,0.000119914
3.6626e-006,0.000280942
3.6628e-006,0.000579014
3.663e-006,0.000746894
3.6632e-006,0.000671519
3.6634e-006,0.000394004
3.6636e-006,0.000178158
3.6638e-006,0.000202141
3.664e-006,0.000342612
3.6642e-006,0.000431691
3.6644e-006,0.00039743
3.6646e-006,0.000318629
3.6648e-006,0.000346038
3.665e-006,0.000531048
3.6652e-006,0.000702354
3.6654e-006,0.000674945
3.6656e-006,0.000435117
3.6658e-006,0.000143897
3.666e-006,4.11134e-005
3.6662e-006,0.000253533
3.6664e-006,0.000572162
3.6666e-006,0.000671519
3.6668e-006,0.00047623
3.667e-006,0.000212419
3.6672e-006,0.000126766
3.6674e-006,0.000318629
3.6676e-006,0.000633832
3.6678e-006,0.000770876
3.668e-006,0.000606423
3.6682e-006,0.000318629
3.6684e-006,0.000157601
3.6686e-006,0.000226124
3.6688e-006,0.000428265
3.669e-006,0.000534474
3.6692e-006,0.000421412
3.6694e-006,0.000267237
3.6696e-006,0.000232976
3.6698e-006,0.000380299
3.67e-006,0.000596144
3.6702e-006,0.000592718
3.6704e-006,0.000380299
3.6706e-006,0.000178158
3.6708e-006,0.00018501
3.671e-006,0.000448821
3.6712e-006,0.000733189
3.6714e-006,0.000781155
3.6716e-006,0.000558457
3.6718e-006,0.00022955
3.672e-006,6.16701e-005
3.6722e-006,0.000164454
3.6724e-006,0.000424839
3.6726e-006,0.000592718
3.6728e-006,0.000544753
3.673e-006,0.000349464
3.6732e-006,0.00022955
3.6734e-006,0.000322055
3.6736e-006,0.000489935
3.6738e-006,0.0005379
3.674e-006,0.00041456
3.6742e-006,0.000301498
3.6744e-006,0.000318629
3.6746e-006,0.000469378
3.6748e-006,0.000654388
3.675e-006,0.000633832
3.6752e-006,0.000356316
3.6754e-006,5.13918e-005
3.6756e-006,-6.8522e-006
3.6758e-006,0.000226124
3.676e-006,0.000503639
3.6762e-006,0.000623553
3.6764e-006,0.000541327
3.6766e-006,0.000363168
3.6768e-006,0.00029122
3.677e-006,0.000431691
3.6772e-006,0.000616701
3.6774e-006,0.000661241
3.6776e-006,0.000500213
3.6778e-006,0.000250107
3.678e-006,0.000154175
3.6782e-006,0.000277516
3.6784e-006,0.000496787
3.6786e-006,0.000568735
3.6788e-006,0.000431691
3.679e-006,0.000256959
3.6792e-006,0.000202141
3.6794e-006,0.000349464
3.6796e-006,0.000565309
3.6798e-006,0.000623553
3.68e-006,0.0004591
3.6802e-006,0.000215845
3.6804e-006,0.000161028
3.6806e-006,0.000356316
3.6808e-006,0.000589292
3.681e-006,0.000630406
3.6812e-006,0.000411134
3.6814e-006,0.000150749
3.6816e-006,0.000150749
3.6818e-006,0.000424839
3.682e-006,0.00070578
3.6822e-006,0.000733189
3.6824e-006,0.000462526
3.6826e-006,0.000137045
3.6828e-006,8.5653e-005
3.683e-006,0.000318629
3.6832e-006,0.000592718
3.6834e-006,0.000630406
3.6836e-006,0.000356316
3.6838e-006,6.85224e-005
3.684e-006,8.5653e-005
3.6842e-006,0.000390577
3.6844e-006,0.000712632
3.6846e-006,0.000788007
3.6848e-006,0.000561883
3.685e-006,0.000280942
3.6852e-006,0.000212419
3.6854e-006,0.000380299
3.6856e-006,0.000568735
3.6858e-006,0.000568735
3.686e-006,0.000394004
3.6862e-006,0.000205567
3.6864e-006,0.000212419
3.6866e-006,0.000424839
3.6868e-006,0.000589292
3.687e-006,0.000517344
3.6872e-006,0.000301498
3.6874e-006,0.000150749
3.6876e-006,0.000250107
3.6878e-006,0.000531048
3.688e-006,0.000692076
3.6882e-006,0.000558457
3.6884e-006,0.000267237
3.6886e-006,0.000119914
3.6888e-006,0.000280942
3.689e-006,0.000579014
3.6892e-006,0.000743467
3.6894e-006,0.000647536
3.6896e-006,0.000328907
3.6898e-006,5.48179e-005
3.69e-006,6.50963e-005
3.6902e-006,0.000325481
3.6904e-006,0.000589292
3.6906e-006,0.00064411
3.6908e-006,0.000486509
3.691e-006,0.000301498
3.6912e-006,0.00029122
3.6914e-006,0.000448821
3.6916e-006,0.000568735
3.6918e-006,0.000507065
3.692e-006,0.000287794
3.6922e-006,0.000119914
3.6924e-006,0.000171306
3.6926e-006,0.000400856
3.6928e-006,0.000623553
3.693e-006,0.000623553
3.6932e-006,0.000448821
3.6934e-006,0.000311777
3.6936e-006,0.000373447
3.6938e-006,0.000592718
3.694e-006,0.000712632
3.6942e-006,0.000589292
3.6944e-006,0.000280942
3.6946e-006,1.02784e-005
3.6948e-006,3.42615e-006
3.695e-006,0.000256959
3.6952e-006,0.000548179
3.6954e-006,0.000626979
3.6956e-006,0.000472804
3.6958e-006,0.000277516
3.696e-006,0.000274089
3.6962e-006,0.000438543
3.6964e-006,0.000548179
3.6966e-006,0.000513918
3.6968e-006,0.000373447
3.697e-006,0.000284368
3.6972e-006,0.000380299
3.6974e-006,0.000609849
3.6976e-006,0.000757172
3.6978e-006,0.000664667
3.698e-006,0.000376873
3.6982e-006,0.00010621
3.6984e-006,5.13918e-005
3.6986e-006,0.000236402
3.6988e-006,0.000445395
3.699e-006,0.000455674
3.6992e-006,0.000280942
3.6994e-006,0.000140471
3.6996e-006,0.000195289
3.6998e-006,0.000452248
3.7e-006,0.000719485
3.7002e-006,0.000815416
3.7004e-006,0.000668093
3.7006e-006,0.000390577
3.7008e-006,0.000263811
3.701e-006,0.000363168
3.7012e-006,0.000469378
3.7014e-006,0.000435117
3.7016e-006,0.000270663
3.7018e-006,0.000154175
3.702e-006,0.000236402
3.7022e-006,0.0004591
3.7024e-006,0.000616701
3.7026e-006,0.000565309
3.7028e-006,0.000332333
3.703e-006,0.000109636
3.7032e-006,0.000119914
3.7034e-006,0.000394004
3.7036e-006,0.000685223
3.7038e-006,0.000726337
3.704e-006,0.000527622
3.7042e-006,0.000277516
3.7044e-006,0.000226124
3.7046e-006,0.000394004
3.7048e-006,0.000592718
3.705e-006,0.000609849
3.7052e-006,0.000438543
3.7054e-006,0.000239828
3.7056e-006,0.000178158
3.7058e-006,0.00029122
3.706e-006,0.000421412
3.7062e-006,0.000455674
3.7064e-006,0.000366595
3.7066e-006,0.000253533
3.7068e-006,0.000294646
3.707e-006,0.000513918
3.7072e-006,0.000726337
3.7074e-006,0.00070578
3.7076e-006,0.000438543
3.7078e-006,0.000154175
3.708e-006,0.00012334
3.7082e-006,0.000339186
3.7084e-006,0.000568735
3.7086e-006,0.000585866
3.7088e-006,0.000366595
3.709e-006,0.000154175
3.7092e-006,0.000171306
3.7094e-006,0.000404282
3.7096e-006,0.000661241
3.7098e-006,0.000668093
3.71e-006,0.000431691
3.7102e-006,0.000178158
3.7104e-006,0.000147323
3.7106e-006,0.000390577
3.7108e-006,0.000661241
3.711e-006,0.000702354
3.7112e-006,0.000489935
3.7114e-006,0.000239828
3.7116e-006,0.000191863
3.7118e-006,0.00035289
3.712e-006,0.0005379
3.7122e-006,0.000561883
3.7124e-006,0.000390577
3.7126e-006,0.00016788
3.7128e-006,0.000130192
3.713e-006,0.000342612
3.7132e-006,0.000585866
3.7134e-006,0.000623553
3.7136e-006,0.000448821
3.7138e-006,0.000260385
3.714e-006,0.000267237
3.7142e-006,0.000424839
3.7144e-006,0.000585866
3.7146e-006,0.000599571
3.7148e-006,0.000404282
3.715e-006,0.000195289
3.7152e-006,0.000202141
3.7154e-006,0.000428265
3.7156e-006,0.000664667
3.7158e-006,0.00064411
3.716e-006,0.000394004
3.7162e-006,0.000147323
3.7164e-006,0.000113062
3.7166e-006,0.000311777
3.7168e-006,0.000548179
3.717e-006,0.000592718
3.7172e-006,0.000424839
3.7174e-006,0.000226124
3.7176e-006,0.000205567
3.7178e-006,0.000428265
3.718e-006,0.000681797
3.7182e-006,0.000709206
3.7184e-006,0.000513918
3.7186e-006,0.000308351
3.7188e-006,0.000250107
3.719e-006,0.00033576
3.7192e-006,0.000452248
3.7194e-006,0.000441969
3.7196e-006,0.000287794
3.7198e-006,0.000161028
3.72e-006,0.00022955
3.7202e-006,0.000428265
3.7204e-006,0.000606423
3.7206e-006,0.000650962
3.7208e-006,0.000503639
3.721e-006,0.000322055
3.7212e-006,0.000301498
3.7214e-006,0.000407708
3.7216e-006,0.000500213
3.7218e-006,0.000469378
3.722e-006,0.000311777
3.7222e-006,0.000195289
3.7224e-006,0.000274089
3.7226e-006,0.000507065
3.7228e-006,0.000685223
3.723e-006,0.000637258
3.7232e-006,0.000404282
3.7234e-006,0.000164454
3.7236e-006,0.000102784
3.7238e-006,0.000263811
3.724e-006,0.000462526
3.7242e-006,0.0005379
3.7244e-006,0.000483083
3.7246e-006,0.000346038
3.7248e-006,0.000287794
3.725e-006,0.000376873
3.7252e-006,0.000524196
3.7254e-006,0.000558457
3.7256e-006,0.000404282
3.7258e-006,0.000243254
3.726e-006,0.000250107
3.7262e-006,0.000411134
3.7264e-006,0.000589292
3.7266e-006,0.000606423
3.7268e-006,0.000417986
3.727e-006,0.000222698
3.7272e-006,0.000208993
3.7274e-006,0.000370021
3.7276e-006,0.000544753
3.7278e-006,0.000555031
3.728e-006,0.000400856
3.7282e-006,0.000253533
3.7284e-006,0.000250107
3.7286e-006,0.000407708
3.7288e-006,0.000592718
3.729e-006,0.000620127
3.7292e-006,0.000465952
3.7294e-006,0.000267237
3.7296e-006,0.000202141
3.7298e-006,0.000322055
3.73e-006,0.000510492
3.7302e-006,0.000602997
3.7304e-006,0.000510492
3.7306e-006,0.000322055
3.7308e-006,0.000243254
3.731e-006,0.000325481
3.7312e-006,0.000483083
3.7314e-006,0.000579014
3.7316e-006,0.000469378
3.7318e-006,0.000280942
3.732e-006,0.00022955
3.7322e-006,0.000346038
3.7324e-006,0.000503639
3.7326e-006,0.000558457
3.7328e-006,0.000421412
3.733e-006,0.000243254
3.7332e-006,0.000215845
3.7334e-006,0.000363168
3.7336e-006,0.000579014
3.7338e-006,0.000630406
3.734e-006,0.000438543
3.7342e-006,0.000188436
3.7344e-006,0.000143897
3.7346e-006,0.000356316
3.7348e-006,0.000654388
3.735e-006,0.000770876
3.7352e-006,0.000613275
3.7354e-006,0.000318629
3.7356e-006,0.000140471
3.7358e-006,0.000226124
3.736e-006,0.000455674
3.7362e-006,0.000548179
3.7364e-006,0.000435117
3.7366e-006,0.000267237
3.7368e-006,0.00022955
3.737e-006,0.000376873
3.7372e-006,0.000599571
3.7374e-006,0.00068865
3.7376e-006,0.000493361
3.7378e-006,0.000236402
3.738e-006,0.000181584
3.7382e-006,0.000332333
3.7384e-006,0.00052077
3.7386e-006,0.000544753
3.7388e-006,0.000380299
3.739e-006,0.000208993
3.7392e-006,0.000212419
3.7394e-006,0.000400856
3.7396e-006,0.000626979
3.7398e-006,0.000698928
3.74e-006,0.0005379
3.7402e-006,0.000274089
3.7404e-006,0.000150749
3.7406e-006,0.000232976
3.7408e-006,0.000380299
3.741e-006,0.000438543
3.7412e-006,0.000366595
3.7414e-006,0.000270663
3.7416e-006,0.000308351
3.7418e-006,0.00052077
3.742e-006,0.000719485
3.7422e-006,0.00070578
3.7424e-006,0.000465952
3.7426e-006,0.00018501
3.7428e-006,0.00010621
3.743e-006,0.000280942
3.7432e-006,0.000513918
3.7434e-006,0.000575588
3.7436e-006,0.000428265
3.7438e-006,0.000226124
3.744e-006,0.000195289
3.7442e-006,0.000363168
3.7444e-006,0.000572162
3.7446e-006,0.000654388
3.7448e-006,0.000531048
3.745e-006,0.000325481
3.7452e-006,0.000280942
3.7454e-006,0.000441969
3.7456e-006,0.00058244
3.7458e-006,0.000531048
3.746e-006,0.000318629
3.7462e-006,0.000140471
3.7464e-006,0.000147323
3.7466e-006,0.000380299
3.7468e-006,0.000668093
3.747e-006,0.000733189
3.7472e-006,0.000517344
3.7474e-006,0.000222698
3.7476e-006,0.000109636
3.7478e-006,0.000287794
3.748e-006,0.000585866
3.7482e-006,0.000695502
3.7484e-006,0.000527622
3.7486e-006,0.000253533
3.7488e-006,0.000147323
3.749e-006,0.000308351
3.7492e-006,0.000541327
3.7494e-006,0.000575588
3.7496e-006,0.000359742
3.7498e-006,0.000133619
3.75e-006,0.000154175
3.7502e-006,0.0004591
3.7504e-006,0.000781155
3.7506e-006,0.00081199
3.7508e-006,0.000517344
3.751e-006,0.00018501
3.7512e-006,0.000113062
3.7514e-006,0.000342612
3.7516e-006,0.000599571
3.7518e-006,0.000592718
3.752e-006,0.000342612
3.7522e-006,9.59313e-005
3.7524e-006,7.88007e-005
3.7526e-006,0.000342612
3.7528e-006,0.000664667
3.753e-006,0.000733189
3.7532e-006,0.000472804
3.7534e-006,0.000154175
3.7536e-006,7.53746e-005
3.7538e-006,0.000308351
3.754e-006,0.000620127
3.7542e-006,0.000716059
3.7544e-006,0.000544753
3.7546e-006,0.00029122
3.7548e-006,0.000219272
3.755e-006,0.000407708
3.7552e-006,0.000640684
3.7554e-006,0.000623553
3.7556e-006,0.000328907
3.7558e-006,2.7409e-005
3.756e-006,4.79657e-005
3.7562e-006,0.000380299
3.7564e-006,0.000698928
3.7566e-006,0.000740041
3.7568e-006,0.000448821
3.757e-006,9.59313e-005
3.7572e-006,5.48179e-005
3.7574e-006,0.000363168
3.7576e-006,0.000722911
3.7578e-006,0.00082912
3.758e-006,0.000606423
3.7582e-006,0.000256959
3.7584e-006,0.000102784
3.7586e-006,0.000267237
3.7588e-006,0.000513918
3.759e-006,0.000534474
3.7592e-006,0.000308351
3.7594e-006,9.25052e-005
3.7596e-006,0.000150749
3.7598e-006,0.000489935
3.76e-006,0.000815416
3.7602e-006,0.000825694
3.7604e-006,0.000510492
3.7606e-006,0.000113062
3.7608e-006,-6.8522e-006
3.761e-006,0.00022955
3.7612e-006,0.000555031
3.7614e-006,0.000674945
3.7616e-006,0.000465952
3.7618e-006,0.000161028
3.762e-006,0.000116488
3.7622e-006,0.000400856
3.7624e-006,0.000740041
3.7626e-006,0.000781155
3.7628e-006,0.00052077
3.763e-006,0.000205567
3.7632e-006,0.000102784
3.7634e-006,0.000304924
3.7636e-006,0.000575588
3.7638e-006,0.000599571
3.764e-006,0.000342612
3.7642e-006,7.88007e-005
3.7644e-006,0.00010621
3.7646e-006,0.000417986
3.7648e-006,0.000712632
3.765e-006,0.00068865
3.7652e-006,0.000363168
3.7654e-006,6.16701e-005
3.7656e-006,8.22268e-005
3.7658e-006,0.000424839
3.766e-006,0.000798285
3.7662e-006,0.000835973
3.7664e-006,0.000483083
3.7666e-006,8.90791e-005
3.7668e-006,3.06954e-011
3.767e-006,0.000260385
3.7672e-006,0.000613275
3.7674e-006,0.000709206
3.7676e-006,0.000445395
3.7678e-006,0.000154175
3.768e-006,0.000143897
3.7682e-006,0.000407708
3.7684e-006,0.000671519
3.7686e-006,0.000650962
3.7688e-006,0.000363168
3.769e-006,8.22268e-005
3.7692e-006,0.000130192
3.7694e-006,0.000493361
3.7696e-006,0.000853103
3.7698e-006,0.000880512
3.77e-006,0.000503639
3.7702e-006,4.11134e-005
3.7704e-006,-9.25051e-005
3.7706e-006,0.000208993
3.7708e-006,0.000616701
3.771e-006,0.000746894
3.7712e-006,0.000479656
3.7714e-006,0.000130192
3.7716e-006,4.45396e-005
3.7718e-006,0.000274089
3.772e-006,0.000599571
3.7722e-006,0.00070578
3.7724e-006,0.000500213
3.7726e-006,0.00024668
3.7728e-006,0.000232976
3.773e-006,0.000507065
3.7732e-006,0.000801711
3.7734e-006,0.000777729
3.7736e-006,0.000428265
3.7738e-006,3.42612e-005
3.774e-006,-5.13917e-005
3.7742e-006,0.000243254
3.7744e-006,0.000599571
3.7746e-006,0.00068865
3.7748e-006,0.00047623
3.775e-006,0.000198715
3.7752e-006,0.000150749
3.7754e-006,0.000380299
3.7756e-006,0.000647536
3.7758e-006,0.000640684
3.776e-006,0.00033576
3.7762e-006,5.48179e-005
3.7764e-006,8.5653e-005
3.7766e-006,0.000431691
3.7768e-006,0.000791433
3.777e-006,0.000822268
3.7772e-006,0.000489935
3.7774e-006,0.000102784
3.7776e-006,1.02784e-005
3.7778e-006,0.000222698
3.778e-006,0.000524196
3.7782e-006,0.000661241
3.7784e-006,0.000527622
3.7786e-006,0.00029122
3.7788e-006,0.000253533
3.779e-006,0.000479656
3.7792e-006,0.000685223
3.7794e-006,0.000633832
3.7796e-006,0.000342612
3.7798e-006,4.79657e-005
3.78e-006,5.8244e-005
3.7802e-006,0.000390577
3.7804e-006,0.000709206
3.7806e-006,0.000733189
3.7808e-006,0.0004591
3.781e-006,0.000164454
3.7812e-006,0.000133619
3.7814e-006,0.000400856
3.7816e-006,0.000678371
3.7818e-006,0.000692076
3.782e-006,0.000441969
3.7822e-006,0.000140471
3.7824e-006,0.000116488
3.7826e-006,0.000400856
3.7828e-006,0.000702354
3.783e-006,0.000733189
3.7832e-006,0.000465952
3.7834e-006,0.000119914
3.7836e-006,-1.02783e-005
3.7838e-006,0.000219272
3.784e-006,0.000561883
3.7842e-006,0.000674945
3.7844e-006,0.000486509
3.7846e-006,0.000232976
3.7848e-006,0.00022955
3.785e-006,0.000510492
3.7852e-006,0.000777729
3.7854e-006,0.000733189
3.7856e-006,0.000383725
3.7858e-006,4.11134e-005
3.786e-006,-2.39828e-005
3.7862e-006,0.000178158
3.7864e-006,0.000496787
3.7866e-006,0.000650962
3.7868e-006,0.00052077
3.787e-006,0.000301498
3.7872e-006,0.000236402
3.7874e-006,0.000411134
3.7876e-006,0.000599571
3.7878e-006,0.000579014
3.788e-006,0.00035289
3.7882e-006,0.000140471
3.7884e-006,0.000188436
3.7886e-006,0.000500213
3.7888e-006,0.000798285
3.789e-006,0.000774303
3.7892e-006,0.00041456
3.7894e-006,2.7409e-005
3.7896e-006,-6.50962e-005
3.7898e-006,0.000215845
3.79e-006,0.000599571
3.7902e-006,0.000757172
3.7904e-006,0.000592718
3.7906e-006,0.000298072
3.7908e-006,0.000174732
3.791e-006,0.000332333
3.7912e-006,0.000555031
3.7914e-006,0.000565309
3.7916e-006,0.000376873
3.7918e-006,0.000198715
3.792e-006,0.00024668
3.7922e-006,0.000527622
3.7924e-006,0.000794859
3.7926e-006,0.00075032
3.7928e-006,0.000373447
3.793e-006,-4.45395e-005
3.7932e-006,-0.000130192
3.7934e-006,0.00018501
3.7936e-006,0.000599571
3.7938e-006,0.000774303
3.794e-006,0.000620127
3.7942e-006,0.000363168
3.7944e-006,0.000301498
3.7946e-006,0.0004591
3.7948e-006,0.000630406
3.795e-006,0.000568735
3.7952e-006,0.000253533
3.7954e-006,-2.05567e-005
3.7956e-006,1.71306e-005
3.7958e-006,0.000339186
3.796e-006,0.00070578
3.7962e-006,0.000791433
3.7964e-006,0.000500213
3.7966e-006,0.000164454
3.7968e-006,0.000116488
3.797e-006,0.000376873
3.7972e-006,0.000664667
3.7974e-006,0.000722911
3.7976e-006,0.000483083
3.7978e-006,0.000191863
3.798e-006,0.000150749
3.7982e-006,0.000380299
3.7984e-006,0.000633832
3.7986e-006,0.000613275
3.7988e-006,0.000346038
3.799e-006,9.59313e-005
3.7992e-006,0.000113062
3.7994e-006,0.00039743
3.7996e-006,0.000668093
3.7998e-006,0.000664667
3.8e-006,0.000400856
3.8002e-006,0.000150749
3.8004e-006,0.000150749
3.8006e-006,0.000394004
3.8008e-006,0.000671519
3.801e-006,0.00068865
3.8012e-006,0.000441969
3.8014e-006,0.000198715
3.8016e-006,0.000202141
3.8018e-006,0.00041456
3.802e-006,0.000613275
3.8022e-006,0.000585866
3.8024e-006,0.000311777
3.8026e-006,5.8244e-005
3.8028e-006,7.19485e-005
3.803e-006,0.000359742
3.8032e-006,0.000654388
3.8034e-006,0.000712632
3.8036e-006,0.000489935
3.8038e-006,0.000236402
3.804e-006,0.000239828
3.8042e-006,0.000486509
3.8044e-006,0.000702354
3.8046e-006,0.000657815
3.8048e-006,0.000356316
3.805e-006,6.16701e-005
3.8052e-006,7.19485e-005
3.8054e-006,0.000370021
3.8056e-006,0.000661241
3.8058e-006,0.000709206
3.806e-006,0.00047623
3.8062e-006,0.000178158
3.8064e-006,0.000140471
3.8066e-006,0.00035289
3.8068e-006,0.000596144
3.807e-006,0.000633832
3.8072e-006,0.000404282
3.8074e-006,0.000198715
3.8076e-006,0.000263811
3.8078e-006,0.000534474
3.808e-006,0.000777729
3.8082e-006,0.000757172
3.8084e-006,0.00041456
3.8086e-006,3.76873e-005
3.8088e-006,-2.05567e-005
3.809e-006,0.000270663
3.8092e-006,0.000602997
3.8094e-006,0.000661241
3.8096e-006,0.000417986
3.8098e-006,0.000126766
3.81e-006,0.000113062
3.8102e-006,0.000407708
3.8104e-006,0.000722911
3.8106e-006,0.000798285
3.8108e-006,0.000565309
3.811e-006,0.000270663
3.8112e-006,0.000195289
3.8114e-006,0.000342612
3.8116e-006,0.000496787
3.8118e-006,0.000455674
3.812e-006,0.000212419
3.8122e-006,-3.42609e-006
3.8124e-006,8.5653e-005
3.8126e-006,0.000483083
3.8128e-006,0.000887364
3.813e-006,0.000969591
3.8132e-006,0.000695502
3.8134e-006,0.000318629
3.8136e-006,0.000137045
3.8138e-006,0.000226124
3.814e-006,0.000431691
3.8142e-006,0.000479656
3.8144e-006,0.000318629
3.8146e-006,0.000157601
3.8148e-006,0.000202141
3.815e-006,0.000445395
3.8152e-006,0.000702354
3.8154e-006,0.000729763
3.8156e-006,0.000486509
3.8158e-006,0.000188436
3.816e-006,0.000133619
3.8162e-006,0.000376873
3.8164e-006,0.000654388
3.8166e-006,0.000674945
3.8168e-006,0.000452248
3.817e-006,0.000208993
3.8172e-006,0.000181584
3.8174e-006,0.000438543
3.8176e-006,0.00070578
3.8178e-006,0.000661241
3.818e-006,0.000342612
3.8182e-006,3.42615e-006
3.8184e-006,-3.76873e-005
3.8186e-006,0.000298072
3.8188e-006,0.000681797
3.819e-006,0.00075032
3.8192e-006,0.000510492
3.8194e-006,0.000232976
3.8196e-006,0.000164454
3.8198e-006,0.000373447
3.82e-006,0.000626979
3.8202e-006,0.000633832
3.8204e-006,0.000366595
3.8206e-006,0.000113062
3.8208e-006,0.000130192
3.821e-006,0.000407708
3.8212e-006,0.000698928
3.8214e-006,0.000702354
3.8216e-006,0.000424839
3.8218e-006,0.000119914
3.822e-006,6.16701e-005
3.8222e-006,0.000308351
3.8224e-006,0.000602997
3.8226e-006,0.000668093
3.8228e-006,0.000452248
3.823e-006,0.00016788
3.8232e-006,0.000154175
3.8234e-006,0.000417986
3.8236e-006,0.00068865
3.8238e-006,0.000674945
3.824e-006,0.000370021
3.8242e-006,4.79657e-005
3.8244e-006,1.71306e-005
3.8246e-006,0.00033576
3.8248e-006,0.000685223
3.825e-006,0.000784581
3.8252e-006,0.000561883
3.8254e-006,0.000239828
3.8256e-006,0.000126766
3.8258e-006,0.000301498
3.826e-006,0.000558457
3.8262e-006,0.000596144
3.8264e-006,0.000383725
3.8266e-006,0.000143897
3.8268e-006,0.000164454
3.827e-006,0.000486509
3.8272e-006,0.000791433
3.8274e-006,0.00076745
3.8276e-006,0.000435117
3.8278e-006,7.19485e-005
3.828e-006,-3.0835e-005
3.8282e-006,0.000232976
3.8284e-006,0.000596144
3.8286e-006,0.000722911
3.8288e-006,0.000517344
3.829e-006,0.00022955
3.8292e-006,0.000198715
3.8294e-006,0.000455674
3.8296e-006,0.000726337
3.8298e-006,0.000692076
3.83e-006,0.000370021
3.8302e-006,6.16701e-005
3.8304e-006,3.42612e-005
3.8306e-006,0.000325481
3.8308e-006,0.000671519
3.831e-006,0.00076745
3.8312e-006,0.000534474
3.8314e-006,0.000202141
3.8316e-006,8.22268e-005
3.8318e-006,0.000267237
3.832e-006,0.00052077
3.8322e-006,0.000551605
3.8324e-006,0.000383725
3.8326e-006,0.00024668
3.8328e-006,0.000332333
3.833e-006,0.000633832
3.8332e-006,0.000866808
3.8334e-006,0.000753746
3.8336e-006,0.000339186
3.8338e-006,-1.02783e-005
3.834e-006,1.37045e-005
3.8342e-006,0.000356316
3.8344e-006,0.000685223
3.8346e-006,0.00070578
3.8348e-006,0.000390577
3.835e-006,5.13918e-005
3.8352e-006,6.85227e-006
3.8354e-006,0.000280942
3.8356e-006,0.000613275
3.8358e-006,0.000709206
3.836e-006,0.000534474
3.8362e-006,0.000332333
3.8364e-006,0.000328907
3.8366e-006,0.000548179
3.8368e-006,0.000733189
3.837e-006,0.000637258
3.8372e-006,0.000287794
3.8374e-006,-4.79656e-005
3.8376e-006,-4.45395e-005
3.8378e-006,0.00029122
3.838e-006,0.000650962
3.8382e-006,0.000709206
3.8384e-006,0.000407708
3.8386e-006,8.90791e-005
3.8388e-006,6.16701e-005
3.839e-006,0.000370021
3.8392e-006,0.000770876
3.8394e-006,0.000870234
3.8396e-006,0.000609849
3.8398e-006,0.000260385
3.84e-006,0.000119914
3.8402e-006,0.000308351
3.8404e-006,0.000568735
3.8406e-006,0.000572162
3.8408e-006,0.000294646
3.841e-006,2.05567e-005
3.8412e-006,7.19485e-005
3.8414e-006,0.000417986
3.8416e-006,0.000781155
3.8418e-006,0.000825694
3.842e-006,0.000500213
3.8422e-006,0.000137045
3.8424e-006,4.45396e-005
3.8426e-006,0.000284368
3.8428e-006,0.000606423
3.843e-006,0.000678371
3.8432e-006,0.000441969
3.8434e-006,0.000174732
3.8436e-006,0.000164454
3.8438e-006,0.000448821
3.844e-006,0.000733189
3.8442e-006,0.000733189
3.8444e-006,0.000417986
3.8446e-006,6.50963e-005
3.8448e-006,3.42615e-006
3.845e-006,0.000274089
3.8452e-006,0.000599571
3.8454e-006,0.000681797
3.8456e-006,0.000486509
3.8458e-006,0.000226124
3.846e-006,0.000205567
3.8462e-006,0.000452248
3.8464e-006,0.000692076
3.8466e-006,0.00064411
3.8468e-006,0.000339186
3.847e-006,7.88007e-005
3.8472e-006,9.25052e-005
3.8474e-006,0.00039743
3.8476e-006,0.000716059
3.8478e-006,0.000716059
3.848e-006,0.000407708
3.8482e-006,9.25052e-005
3.8484e-006,6.85224e-005
3.8486e-006,0.000356316
3.8488e-006,0.000671519
3.849e-006,0.000719485
3.8492e-006,0.000465952
3.8494e-006,0.000181584
3.8496e-006,0.000171306
3.8498e-006,0.000417986
3.85e-006,0.000664667
3.8502e-006,0.000633832
3.8504e-006,0.000315203
3.8506e-006,4.45396e-005
3.8508e-006,8.90791e-005
3.851e-006,0.000469378
3.8512e-006,0.000818842
3.8514e-006,0.000808564
3.8516e-006,0.000483083
3.8518e-006,0.000119914
3.852e-006,4.79657e-005
3.8522e-006,0.000274089
3.8524e-006,0.000541327
3.8526e-006,0.000585866
3.8528e-006,0.000390577
3.853e-006,0.000178158
3.8532e-006,0.000253533
3.8534e-006,0.000616701
3.8536e-006,0.000887364
3.8538e-006,0.000774303
3.854e-006,0.000308351
3.8542e-006,-0.000137045
3.8544e-006,-0.000181584
3.8546e-006,0.000164454
3.8548e-006,0.000565309
3.855e-006,0.000702354
3.8552e-006,0.000507065
3.8554e-006,0.000256959
3.8556e-006,0.000277516
3.8558e-006,0.000575588
3.856e-006,0.000846251
3.8562e-006,0.000740041
3.8564e-006,0.000287794
3.8566e-006,-9.59313e-005
3.8568e-006,-5.13917e-005
3.857e-006,0.000387151
3.8572e-006,0.000781155
3.8574e-006,0.00081199
3.8576e-006,0.000503639
3.8578e-006,0.000119914
3.858e-006,4.45396e-005
3.8582e-006,0.000322055
3.8584e-006,0.000616701
3.8586e-006,0.000613275
3.8588e-006,0.000325481
3.859e-006,8.90791e-005
3.8592e-006,0.000174732
3.8594e-006,0.000534474
3.8596e-006,0.000822268
3.8598e-006,0.00075032
3.86e-006,0.000407708
3.8602e-006,0.000116488
3.8604e-006,0.000171306
3.8606e-006,0.000507065
3.8608e-006,0.000746894
3.861e-006,0.000630406
3.8612e-006,0.000232976
3.8614e-006,-8.56529e-005
3.8616e-006,-6.50962e-005
3.8618e-006,0.000304924
3.862e-006,0.000719485
3.8622e-006,0.000764024
3.8624e-006,0.000479656
3.8626e-006,0.000212419
3.8628e-006,0.000215845
3.863e-006,0.0004591
3.8632e-006,0.000671519
3.8634e-006,0.000592718
3.8636e-006,0.000287794
3.8638e-006,6.50963e-005
3.864e-006,0.000171306
3.8642e-006,0.000510492
3.8644e-006,0.000740041
3.8646e-006,0.000626979
3.8648e-006,0.000301498
3.865e-006,8.5653e-005
3.8652e-006,0.000191863
3.8654e-006,0.00052077
3.8656e-006,0.000746894
3.8658e-006,0.000633832
3.866e-006,0.000256959
3.8662e-006,-2.74089e-005
3.8664e-006,7.19485e-005
3.8666e-006,0.0004591
3.8668e-006,0.000791433
3.867e-006,0.000760598
3.8672e-006,0.000400856
3.8674e-006,0.00010621
3.8676e-006,0.000150749
3.8678e-006,0.000472804
3.868e-006,0.000726337
3.8682e-006,0.000637258
3.8684e-006,0.000298072
3.8686e-006,3.42612e-005
3.8688e-006,6.50963e-005
3.869e-006,0.000359742
3.8692e-006,0.000620127
3.8694e-006,0.00058244
3.8696e-006,0.000315203
3.8698e-006,0.000147323
3.87e-006,0.000304924
3.8702e-006,0.000668093
3.8704e-006,0.000880512
3.8706e-006,0.000692076
3.8708e-006,0.000243254
3.871e-006,-5.8244e-005
3.8712e-006,7.19485e-005
3.8714e-006,0.000483083
3.8716e-006,0.00076745
3.8718e-006,0.000681797
3.872e-006,0.000308351
3.8722e-006,1.02784e-005
3.8724e-006,8.5653e-005
3.8726e-006,0.000438543
3.8728e-006,0.000726337
3.873e-006,0.000650962
3.8732e-006,0.000294646
3.8734e-006,6.16701e-005
3.8736e-006,0.000212419
3.8738e-006,0.000606423
3.874e-006,0.000901069
3.8742e-006,0.000832547
3.8744e-006,0.000428265
3.8746e-006,5.8244e-005
3.8748e-006,6.85224e-005
3.875e-006,0.00035289
3.8752e-006,0.000579014
3.8754e-006,0.000496787
3.8756e-006,0.000178158
3.8758e-006,1.37045e-005
3.876e-006,0.000212419
3.8762e-006,0.000654388
3.8764e-006,0.000959313
3.8766e-006,0.000842825
3.8768e-006,0.000390577
3.877e-006,-1.37044e-005
3.8772e-006,6.85227e-006
3.8774e-006,0.000373447
3.8776e-006,0.00070578
3.8778e-006,0.000685223
3.878e-006,0.000366595
3.8782e-006,9.93574e-005
3.8784e-006,0.000133619
3.8786e-006,0.000417986
3.8788e-006,0.000616701
3.879e-006,0.000531048
3.8792e-006,0.000274089
3.8794e-006,0.000130192
3.8796e-006,0.000294646
3.8798e-006,0.000650962
3.88e-006,0.000856529
3.8802e-006,0.000695502
3.8804e-006,0.000277516
3.8806e-006,-4.45395e-005
3.8808e-006,3.06954e-011
3.881e-006,0.000342612
3.8812e-006,0.000668093
3.8814e-006,0.000722911
3.8816e-006,0.000493361
3.8818e-006,0.000256959
3.882e-006,0.000250107
3.8822e-006,0.000431691
3.8824e-006,0.000589292
3.8826e-006,0.000479656
3.8828e-006,0.000236402
3.883e-006,0.000126766
3.8832e-006,0.000239828
3.8834e-006,0.000486509
3.8836e-006,0.000640684
3.8838e-006,0.000592718
3.884e-006,0.00039743
3.8842e-006,0.000260385
3.8844e-006,0.000356316
3.8846e-006,0.000575588
3.8848e-006,0.000654388
3.885e-006,0.000493361
3.8852e-006,0.00022955
3.8854e-006,8.22268e-005
3.8856e-006,0.000178158
3.8858e-006,0.000455674
3.886e-006,0.000654388
3.8862e-006,0.000596144
3.8864e-006,0.000400856
3.8866e-006,0.000287794
3.8868e-006,0.00033576
3.887e-006,0.000496787
3.8872e-006,0.000633832
3.8874e-006,0.00058244
3.8876e-006,0.000332333
3.8878e-006,0.000119914
3.888e-006,0.000116488
3.8882e-006,0.00029122
3.8884e-006,0.000486509
3.8886e-006,0.00052077
3.8888e-006,0.000435117
3.889e-006,0.000383725
3.8892e-006,0.000445395
3.8894e-006,0.000544753
3.8896e-006,0.000572162
3.8898e-006,0.000472804
3.89e-006,0.000294646
3.8902e-006,0.000195289
3.8904e-006,0.000277516
3.8906e-006,0.000455674
3.8908e-006,0.000555031
3.891e-006,0.000483083
3.8912e-006,0.000315203
3.8914e-006,0.00022955
3.8916e-006,0.000315203
3.8918e-006,0.000513918
3.892e-006,0.000630406
3.8922e-006,0.000555031
3.8924e-006,0.00035289
3.8926e-006,0.000174732
3.8928e-006,0.000222698
3.893e-006,0.000448821
3.8932e-006,0.000650962
3.8934e-006,0.000668093
3.8936e-006,0.000500213
3.8938e-006,0.000284368
3.894e-006,0.000198715
3.8942e-006,0.000236402
3.8944e-006,0.000287794
3.8946e-006,0.000339186
3.8948e-006,0.00039743
3.895e-006,0.000448821
3.8952e-006,0.000500213
3.8954e-006,0.000602997
3.8956e-006,0.000620127
3.8958e-006,0.000431691
3.896e-006,0.000205567
3.8962e-006,0.00010621
3.8964e-006,0.000219272
3.8966e-006,0.000469378
3.8968e-006,0.000633832
3.897e-006,0.000606423
3.8972e-006,0.000438543
3.8974e-006,0.000270663
3.8976e-006,0.000236402
3.8978e-006,0.000376873
3.898e-006,0.000524196
3.8982e-006,0.000527622
3.8984e-006,0.000411134
3.8986e-006,0.000277516
3.8988e-006,0.000260385
3.899e-006,0.000339186
3.8992e-006,0.000472804
3.8994e-006,0.000513918
3.8996e-006,0.000462526
3.8998e-006,0.000448821
3.9e-006,0.000507065
3.9002e-006,0.00058244
3.9004e-006,0.000575588
3.9006e-006,0.000431691
3.9008e-006,0.000208993
3.901e-006,0.000116488
3.9012e-006,0.000260385
3.9014e-006,0.000486509
3.9016e-006,0.000585866
3.9018e-006,0.000524196
3.902e-006,0.00035289
3.9022e-006,0.000198715
3.9024e-006,0.000232976
3.9026e-006,0.00041456
3.9028e-006,0.000589292
3.903e-006,0.000613275
3.9032e-006,0.000486509
3.9034e-006,0.00035289
3.9036e-006,0.000325481
3.9038e-006,0.00041456
3.904e-006,0.000486509
3.9042e-006,0.000424839
3.9044e-006,0.000274089
3.9046e-006,0.000202141
3.9048e-006,0.000294646
3.905e-006,0.000486509
3.9052e-006,0.000599571
3.9054e-006,0.000507065
3.9056e-006,0.000304924
3.9058e-006,0.000174732
3.906e-006,0.000232976
3.9062e-006,0.000431691
3.9064e-006,0.000599571
3.9066e-006,0.000616701
3.9068e-006,0.000483083
3.907e-006,0.000311777
3.9072e-006,0.000267237
3.9074e-006,0.000373447
3.9076e-006,0.000489935
3.9078e-006,0.000517344
3.908e-006,0.000417986
3.9082e-006,0.000325481
3.9084e-006,0.000356316
3.9086e-006,0.000435117
3.9088e-006,0.0004591
3.909e-006,0.000346038
3.9092e-006,0.000205567
3.9094e-006,0.000205567
3.9096e-006,0.000363168
3.9098e-006,0.000589292
3.91e-006,0.000709206
3.9102e-006,0.000616701
3.9104e-006,0.000404282
3.9106e-006,0.000280942
3.9108e-006,0.000328907
3.911e-006,0.000448821
3.9112e-006,0.000524196
3.9114e-006,0.000448821
3.9116e-006,0.000239828
3.9118e-006,0.000119914
3.912e-006,0.000212419
3.9122e-006,0.000431691
3.9124e-006,0.000596144
3.9126e-006,0.000565309
3.9128e-006,0.000404282
3.913e-006,0.000298072
3.9132e-006,0.00033576
3.9134e-006,0.000483083
3.9136e-006,0.000596144
3.9138e-006,0.000558457
3.914e-006,0.000387151
3.9142e-006,0.000256959
3.9144e-006,0.000280942
3.9146e-006,0.000404282
3.9148e-006,0.000500213
3.915e-006,0.000455674
3.9152e-006,0.000280942
3.9154e-006,0.000147323
3.9156e-006,0.00024668
3.9158e-006,0.000500213
3.916e-006,0.00068865
3.9162e-006,0.000671519
3.9164e-006,0.000448821
3.9166e-006,0.000212419
3.9168e-006,0.00016788
3.917e-006,0.000315203
3.9172e-006,0.000496787
3.9174e-006,0.000500213
3.9176e-006,0.000380299
3.9178e-006,0.000322055
3.918e-006,0.000380299
3.9182e-006,0.000503639
3.9184e-006,0.000555031
3.9186e-006,0.000445395
3.9188e-006,0.000243254
3.919e-006,0.000147323
3.9192e-006,0.000263811
3.9194e-006,0.000500213
3.9196e-006,0.000654388
3.9198e-006,0.000561883
3.92e-006,0.000298072
3.9202e-006,0.000119914
3.9204e-006,0.000178158
3.9206e-006,0.000421412
3.9208e-006,0.000623553
3.921e-006,0.000596144
3.9212e-006,0.000428265
3.9214e-006,0.000294646
3.9216e-006,0.00033576
3.9218e-006,0.000469378
3.922e-006,0.000510492
3.9222e-006,0.000431691
3.9224e-006,0.000274089
3.9226e-006,0.000164454
3.9228e-006,0.000274089
3.923e-006,0.00052077
3.9232e-006,0.000647536
3.9234e-006,0.000565309
3.9236e-006,0.000325481
3.9238e-006,0.000157601
3.924e-006,0.00024668
3.9242e-006,0.000496787
3.9244e-006,0.000685223
3.9246e-006,0.000650962
3.9248e-006,0.000387151
3.925e-006,0.000161028
3.9252e-006,0.000188436
3.9254e-006,0.00041456
3.9256e-006,0.000599571
3.9258e-006,0.000555031
3.926e-006,0.000342612
3.9262e-006,0.000174732
3.9264e-006,0.000222698
3.9266e-006,0.000435117
3.9268e-006,0.000613275
3.927e-006,0.000592718
3.9272e-006,0.000411134
3.9274e-006,0.000260385
3.9276e-006,0.000277516
3.9278e-006,0.000448821
3.928e-006,0.000589292
3.9282e-006,0.000503639
3.9284e-006,0.000277516
3.9286e-006,0.000150749
3.9288e-006,0.000260385
3.929e-006,0.000534474
3.9292e-006,0.000719485
3.9294e-006,0.000657815
3.9296e-006,0.00039743
3.9298e-006,0.000154175
3.93e-006,0.000161028
3.9302e-006,0.00041456
3.9304e-006,0.000654388
3.9306e-006,0.000630406
3.9308e-006,0.000349464
3.931e-006,8.90791e-005
3.9312e-006,0.00010621
3.9314e-006,0.000356316
3.9316e-006,0.000620127
3.9318e-006,0.000681797
3.932e-006,0.00052077
3.9322e-006,0.00035289
3.9324e-006,0.000356316
3.9326e-006,0.000496787
3.9328e-006,0.000568735
3.933e-006,0.000431691
3.9332e-006,0.000171306
3.9334e-006,2.05567e-005
3.9336e-006,0.000174732
3.9338e-006,0.000561883
3.934e-006,0.000880512
3.9342e-006,0.000856529
3.9344e-006,0.000513918
3.9346e-006,0.000150749
3.9348e-006,4.11134e-005
3.935e-006,0.000212419
3.9352e-006,0.000438543
3.9354e-006,0.000517344
3.9356e-006,0.000431691
3.9358e-006,0.000346038
3.936e-006,0.000424839
3.9362e-006,0.000589292
3.9364e-006,0.000623553
3.9366e-006,0.000469378
3.9368e-006,0.000232976
3.937e-006,8.5653e-005
3.9372e-006,0.000208993
3.9374e-006,0.000500213
3.9376e-006,0.000685223
3.9378e-006,0.000596144
3.938e-006,0.000359742
3.9382e-006,0.000215845
3.9384e-006,0.00024668
3.9386e-006,0.000431691
3.9388e-006,0.000572162
3.939e-006,0.000507065
3.9392e-006,0.000304924
3.9394e-006,0.000157601
3.9396e-006,0.000260385
3.9398e-006,0.000541327
3.94e-006,0.000702354
3.9402e-006,0.000589292
3.9404e-006,0.000301498
3.9406e-006,0.000119914
3.9408e-006,0.000188436
3.941e-006,0.000448821
3.9412e-006,0.000674945
3.9414e-006,0.000654388
3.9416e-006,0.00041456
3.9418e-006,0.000171306
3.942e-006,0.000164454
3.9422e-006,0.000373447
3.9424e-006,0.000568735
3.9426e-006,0.000555031
3.9428e-006,0.000356316
3.943e-006,0.000198715
3.9432e-006,0.000280942
3.9434e-006,0.000527622
3.9436e-006,0.00068865
3.9438e-006,0.000592718
3.944e-006,0.000298072
3.9442e-006,8.5653e-005
3.9444e-006,0.000133619
3.9446e-006,0.000376873
3.9448e-006,0.000606423
3.945e-006,0.000596144
3.9452e-006,0.000383725
3.9454e-006,0.000208993
3.9456e-006,0.000270663
3.9458e-006,0.000479656
3.946e-006,0.000599571
3.9462e-006,0.000513918
3.9464e-006,0.000250107
3.9466e-006,4.79657e-005
3.9468e-006,0.000133619
3.947e-006,0.000424839
3.9472e-006,0.000650962
3.9474e-006,0.000630406
3.9476e-006,0.000404282
3.9478e-006,0.000219272
3.948e-006,0.000301498
3.9482e-006,0.000606423
3.9484e-006,0.000808564
3.9486e-006,0.000681797
3.9488e-006,0.000284368
3.949e-006,-6.16701e-005
3.9492e-006,-3.0835e-005
3.9494e-006,0.000363168
3.9496e-006,0.000726337
3.9498e-006,0.00070578
3.95e-006,0.000370021
3.9502e-006,6.50963e-005
3.9504e-006,0.000130192
3.9506e-006,0.000544753
3.9508e-006,0.000859955
3.951e-006,0.000743467
3.9512e-006,0.000311777
3.9514e-006,-2.39828e-005
3.9516e-006,7.88007e-005
3.9518e-006,0.000483083
3.952e-006,0.000764024
3.9522e-006,0.000647536
3.9524e-006,0.000253533
3.9526e-006,-6.8522e-006
3.9528e-006,0.000178158
3.953e-006,0.000623553
3.9532e-006,0.000870234
3.9534e-006,0.000681797
3.9536e-006,0.000198715
3.9538e-006,-0.000126766
3.954e-006,2.05567e-005
3.9542e-006,0.000486509
3.9544e-006,0.000784581
3.9546e-006,0.000647536
3.9548e-006,0.000280942
3.955e-006,7.53746e-005
3.9552e-006,0.00024668
3.9554e-006,0.000650962
3.9556e-006,0.000870234
3.9558e-006,0.00064411
3.956e-006,0.000205567
3.9562e-006,-2.05567e-005
3.9564e-006,0.000188436
3.9566e-006,0.000630406
3.9568e-006,0.000822268
3.957e-006,0.000544753
3.9572e-006,5.13918e-005
3.9574e-006,-0.00018501
3.9576e-006,9.25052e-005
3.9578e-006,0.000640684
3.958e-006,0.000962739
3.9582e-006,0.000764024
3.9584e-006,0.000239828
3.9586e-006,-6.85223e-005
3.9588e-006,9.93574e-005
3.959e-006,0.000541327
3.9592e-006,0.000835973
3.9594e-006,0.000702354
3.9596e-006,0.000301498
3.9598e-006,7.53746e-005
3.96e-006,0.000250107
3.9602e-006,0.000613275
3.9604e-006,0.000764024
3.9606e-006,0.000500213
3.9608e-006,6.85224e-005
3.961e-006,-5.8244e-005
3.9612e-006,0.000287794
3.9614e-006,0.000791433
3.9616e-006,0.000993574
3.9618e-006,0.000650962
3.962e-006,5.8244e-005
3.9622e-006,-0.000226124
3.9624e-006,4.79657e-005
3.9626e-006,0.000623553
3.9628e-006,0.000962739
3.963e-006,0.000777729
3.9632e-006,0.00029122
3.9634e-006,-2.05567e-005
3.9636e-006,0.000143897
3.9638e-006,0.000575588
3.964e-006,0.000788007
3.9642e-006,0.000599571
3.9644e-006,0.000195289
3.9646e-006,3.06954e-011
3.9648e-006,0.000256959
3.965e-006,0.00068865
3.9652e-006,0.000839399
3.9654e-006,0.000517344
3.9656e-006,1.37045e-005
3.9658e-006,-0.000154175
3.966e-006,0.000205567
3.9662e-006,0.000757172
3.9664e-006,0.00102441
3.9666e-006,0.000733189
3.9668e-006,0.000143897
3.967e-006,-0.000143897
3.9672e-006,9.59313e-005
3.9674e-006,0.000599571
3.9676e-006,0.000890791
3.9678e-006,0.000674945
3.968e-006,0.000161028
3.9682e-006,-0.00010621
3.9684e-006,0.000143897
3.9686e-006,0.000654388
3.9688e-006,0.000907921
3.969e-006,0.000664667
3.9692e-006,0.000178158
3.9694e-006,-9.59313e-005
3.9696e-006,9.93574e-005
3.9698e-006,0.000558457
3.97e-006,0.000818842
3.9702e-006,0.000620127
3.9704e-006,0.000181584
3.9706e-006,-2.39828e-005
3.9708e-006,0.00022955
3.971e-006,0.000678371
3.9712e-006,0.000863382
3.9714e-006,0.000613275
3.9716e-006,0.000140471
3.9718e-006,-8.9079e-005
3.972e-006,0.000181584
3.9722e-006,0.000692076
3.9724e-006,0.000918199
3.9726e-006,0.000633832
3.9728e-006,0.000116488
3.973e-006,-0.000147323
3.9732e-006,9.25052e-005
3.9734e-006,0.000592718
3.9736e-006,0.000835973
3.9738e-006,0.000626979
3.974e-006,0.000188436
3.9742e-006,3.06954e-011
3.9744e-006,0.000294646
3.9746e-006,0.000760598
3.9748e-006,0.000911347
3.975e-006,0.000561883
3.9752e-006,2.05567e-005
3.9754e-006,-0.000198715
3.9756e-006,0.000154175
3.9758e-006,0.000740041
3.976e-006,0.000973017
3.9762e-006,0.00064411
3.9764e-006,9.59313e-005
3.9766e-006,-0.000143897
3.9768e-006,0.000161028
3.977e-006,0.000736615
3.9772e-006,0.000993574
3.9774e-006,0.000661241
3.9776e-006,4.79657e-005
3.9778e-006,-0.000243254
3.978e-006,5.13918e-005
3.9782e-006,0.000647536
3.9784e-006,0.000969591
3.9786e-006,0.00075032
3.9788e-006,0.000260385
3.979e-006,-1.37044e-005
3.9792e-006,0.000208993
3.9794e-006,0.000657815
3.9796e-006,0.000835973
3.9798e-006,0.000531048
3.98e-006,1.37045e-005
3.9802e-006,-0.000161027
3.9804e-006,0.000198715
3.9806e-006,0.000781155
3.9808e-006,0.000997
3.981e-006,0.000626979
3.9812e-006,3.42612e-005
3.9814e-006,-0.000208993
3.9816e-006,0.000143897
3.9818e-006,0.000746894
3.982e-006,0.00101756
3.9822e-006,0.000681797
3.9824e-006,9.25052e-005
3.9826e-006,-0.000150749
3.9828e-006,0.000181584
3.983e-006,0.000746894
3.9832e-006,0.000997
3.9834e-006,0.000692076
3.9836e-006,0.000116488
3.9838e-006,-0.000181584
3.984e-006,8.5653e-005
3.9842e-006,0.000623553
3.9844e-006,0.000859955
3.9846e-006,0.000561883
3.9848e-006,6.50963e-005
3.985e-006,-6.85223e-005
3.9852e-006,0.000339186
3.9854e-006,0.000911347
3.9856e-006,0.00104154
3.9858e-006,0.000551605
3.986e-006,-0.000119914
3.9862e-006,-0.000356316
3.9864e-006,7.88007e-005
3.9866e-006,0.000764024
3.9868e-006,0.00105524
3.987e-006,0.000716059
3.9872e-006,0.00012334
3.9874e-006,-0.000130192
3.9876e-006,0.000198715
3.9878e-006,0.000753746
3.988e-006,0.000938756
3.9882e-006,0.000541327
3.9884e-006,-4.11134e-005
3.9886e-006,-0.000219271
3.9888e-006,0.000212419
3.989e-006,0.000818842
3.9892e-006,0.00100043
3.9894e-006,0.000592718
3.9896e-006,1.02784e-005
3.9898e-006,-0.00016788
3.99e-006,0.000236402
3.9902e-006,0.000801711
3.9904e-006,0.000969591
3.9906e-006,0.000555031
3.9908e-006,-2.39828e-005
3.991e-006,-0.000164454
3.9912e-006,0.000267237
3.9914e-006,0.000853103
3.9916e-006,0.00101413
3.9918e-006,0.000585866
3.992e-006,-2.39828e-005
3.9922e-006,-0.000236402
3.9924e-006,0.00016788
3.9926e-006,0.000784581
3.9928e-006,0.00101413
3.993e-006,0.000633832
3.9932e-006,1.71306e-005
3.9934e-006,-0.000198715
3.9936e-006,0.000174732
3.9938e-006,0.000774303
3.994e-006,0.00102784
3.9942e-006,0.000695502
3.9944e-006,0.000133619
3.9946e-006,-8.56529e-005
3.9948e-006,0.000256959
3.995e-006,0.00081199
3.9952e-006,0.0010107
3.9954e-006,0.000623553
3.9956e-006,3.76873e-005
3.9958e-006,-0.000191863
3.996e-006,0.000113062
3.9962e-006,0.000657815
3.9964e-006,0.000907921
3.9966e-006,0.00058244
3.9968e-006,3.76873e-005
3.997e-006,-0.000143897
3.9972e-006,0.000195289
3.9974e-006,0.000757172
3.9976e-006,0.00100728
3.9978e-006,0.000678371
3.998e-006,0.000137045
3.9982e-006,-3.42611e-005
3.9984e-006,0.00033576
3.9986e-006,0.000842825
3.9988e-006,0.00097987
3.999e-006,0.000555031
3.9992e-006,-8.9079e-005
3.9994e-006,-0.000332333
3.9996e-006,4.45396e-005
3.9998e-006,0.000657815
4e-006,0.000911347
4.0002e-006,0.000602997
4.0004e-006,9.93574e-005
4.0006e-006,-6.85223e-005
4.0008e-006,0.000304924
4.001e-006,0.000856529
4.0012e-006,0.00103469
4.0014e-006,0.00068865
4.0016e-006,0.00012334
4.0018e-006,-0.000119914
4.002e-006,0.000208993
4.0022e-006,0.000740041
4.0024e-006,0.000907921
4.0026e-006,0.000544753
4.0028e-006,-1.71306e-005
4.003e-006,-0.000215845
4.0032e-006,0.00018501
4.0034e-006,0.000760598
4.0036e-006,0.00093533
4.0038e-006,0.000551605
4.004e-006,-1.02783e-005
4.0042e-006,-0.00018501
4.0044e-006,0.000222698
4.0046e-006,0.000835973
4.0048e-006,0.00103126
4.005e-006,0.000613275
4.0052e-006,-1.37044e-005
4.0054e-006,-0.00022955
4.0056e-006,0.000219272
4.0058e-006,0.000877086
4.006e-006,0.00111691
4.0062e-006,0.000719485
4.0064e-006,4.45396e-005
4.0066e-006,-0.000263811
4.0068e-006,3.42612e-005
4.007e-006,0.000606423
4.0072e-006,0.000890791
4.0074e-006,0.000592718
4.0076e-006,6.50963e-005
4.0078e-006,-8.22268e-005
4.008e-006,0.00033576
4.0082e-006,0.000925052
4.0084e-006,0.00108265
4.0086e-006,0.000654388
4.0088e-006,1.71306e-005
4.009e-006,-0.000236402
4.0092e-006,0.000116488
4.0094e-006,0.00070578
4.0096e-006,0.000952461
4.0098e-006,0.000626979
4.01e-006,7.19485e-005
4.0102e-006,-0.000126766
4.0104e-006,0.000226124
4.0106e-006,0.00075032
4.0108e-006,0.000938756
4.011e-006,0.000596144
4.0112e-006,3.42612e-005
4.0114e-006,-0.000174732
4.0116e-006,0.000164454
4.0118e-006,0.000709206
4.012e-006,0.000942182
4.0122e-006,0.000633832
4.0124e-006,0.000113062
4.0126e-006,-6.50962e-005
4.0128e-006,0.000274089
4.013e-006,0.000784581
4.0132e-006,0.00093533
4.0134e-006,0.0005379
4.0136e-006,-4.11134e-005
4.0138e-006,-0.000226124
4.014e-006,0.00018501
4.0142e-006,0.000801711
4.0144e-006,0.00104154
4.0146e-006,0.000681797
4.0148e-006,9.25052e-005
4.015e-006,-0.000161027
4.0152e-006,0.000157601
4.0154e-006,0.000712632
4.0156e-006,0.000931904
4.0158e-006,0.000613275
4.016e-006,5.8244e-005
4.0162e-006,-0.000188436
4.0164e-006,0.000171306
4.0166e-006,0.000777729
4.0168e-006,0.00102441
4.017e-006,0.000685223
4.0172e-006,9.25052e-005
4.0174e-006,-0.000195289
4.0176e-006,0.00010621
4.0178e-006,0.00068865
4.018e-006,0.000938756
4.0182e-006,0.000630406
4.0184e-006,8.90791e-005
4.0186e-006,-0.000126766
4.0188e-006,0.000250107
4.019e-006,0.00082912
4.0192e-006,0.0010107
4.0194e-006,0.000606423
4.0196e-006,-2.74089e-005
4.0198e-006,-0.000256959
4.02e-006,0.000140471
4.0202e-006,0.000788007
4.0204e-006,0.00107237
4.0206e-006,0.000733189
4.0208e-006,0.000102784
4.021e-006,-0.000212419
4.0212e-006,5.13918e-005
4.0214e-006,0.000613275
4.0216e-006,0.000928478
4.0218e-006,0.000671519
4.022e-006,0.00012334
4.0222e-006,-0.00010621
4.0224e-006,0.000219272
4.0226e-006,0.000757172
4.0228e-006,0.000976443
4.023e-006,0.000633832
4.0232e-006,5.48179e-005
4.0234e-006,-0.000198715
4.0236e-006,0.000130192
4.0238e-006,0.000702354
4.024e-006,0.000901069
4.0242e-006,0.000531048
4.0244e-006,-2.05567e-005
4.0246e-006,-0.000215845
4.0248e-006,0.000202141
4.025e-006,0.000863382
4.0252e-006,0.00108951
4.0254e-006,0.00068865
4.0256e-006,3.76873e-005
4.0258e-006,-0.000260385
4.026e-006,9.59313e-005
4.0262e-006,0.00075032
4.0264e-006,0.00105524
4.0266e-006,0.000736615
4.0268e-006,0.000116488
4.027e-006,-0.000222698
4.0272e-006,2.05567e-005
4.0274e-006,0.000565309
4.0276e-006,0.000859955
4.0278e-006,0.000592718
4.028e-006,8.90791e-005
4.0282e-006,-8.56529e-005
4.0284e-006,0.000294646
4.0286e-006,0.000866808
4.0288e-006,0.00104839
4.029e-006,0.000647536
4.0292e-006,-6.8522e-006
4.0294e-006,-0.000277515
4.0296e-006,0.000109636
4.0298e-006,0.000760598
4.03e-006,0.00104839
4.0302e-006,0.000698928
4.0304e-006,5.48179e-005
4.0306e-006,-0.000253533
4.0308e-006,6.16701e-005
4.031e-006,0.000681797
4.0312e-006,0.000969591
4.0314e-006,0.000637258
4.0316e-006,5.8244e-005
4.0318e-006,-0.00016788
4.032e-006,0.000202141
4.0322e-006,0.000794859
4.0324e-006,0.00102441
4.0326e-006,0.000664667
4.0328e-006,6.85224e-005
4.033e-006,-0.000147323
4.0332e-006,0.000239828
4.0334e-006,0.000818842
4.0336e-006,0.000993574
4.0338e-006,0.000572162
4.034e-006,-8.56529e-005
4.0342e-006,-0.00035289
4.0344e-006,3.08351e-005
4.0346e-006,0.000719485
4.0348e-006,0.00107923
4.035e-006,0.000801711
4.0352e-006,0.000215845
4.0354e-006,-7.53745e-005
4.0356e-006,0.000215845
4.0358e-006,0.000760598
4.036e-006,0.000969591
4.0362e-006,0.000640684
4.0364e-006,7.88007e-005
4.0366e-006,-0.000181584
4.0368e-006,0.000154175
4.037e-006,0.000729763
4.0372e-006,0.000938756
4.0374e-006,0.000572162
4.0376e-006,2.05567e-005
4.0378e-006,-0.000154175
4.038e-006,0.000256959
4.0382e-006,0.000853103
4.0384e-006,0.00103126
4.0386e-006,0.000606423
4.0388e-006,-3.42611e-005
4.039e-006,-0.000260385
4.0392e-006,0.000137045
4.0394e-006,0.000770876
4.0396e-006,0.00108608
4.0398e-006,0.000794859
4.04e-006,0.000191863
4.0402e-006,-0.00012334
4.0404e-006,0.000116488
4.0406e-006,0.000637258
4.0408e-006,0.000863382
4.041e-006,0.000527622
4.0412e-006,-6.8522e-006
4.0414e-006,-0.000164454
4.0416e-006,0.000243254
4.0418e-006,0.000832547
4.042e-006,0.00102098
4.0422e-006,0.000616701
4.0424e-006,6.85227e-006
4.0426e-006,-0.000191863
4.0428e-006,0.000202141
4.043e-006,0.000781155
4.0432e-006,0.000976443
4.0434e-006,0.000592718
4.0436e-006,-2.05567e-005
4.0438e-006,-0.000219271
4.044e-006,0.000212419
4.0442e-006,0.000832547
4.0444e-006,0.00105524
4.0446e-006,0.000664667
4.0448e-006,1.37045e-005
4.045e-006,-0.000284368
4.0452e-006,6.16701e-005
4.0454e-006,0.000668093
4.0456e-006,0.000928478
4.0458e-006,0.000630406
4.046e-006,8.22268e-005
4.0462e-006,-0.000119914
4.0464e-006,0.000277516
4.0466e-006,0.000877086
4.0468e-006,0.00106895
4.047e-006,0.00064411
4.0472e-006,-2.39828e-005
4.0474e-006,-0.000311777
4.0476e-006,4.79657e-005
4.0478e-006,0.00070578
4.048e-006,0.00100043
4.0482e-006,0.000664667
4.0484e-006,9.93574e-005
4.0486e-006,-0.000133619
4.0488e-006,0.000212419
4.049e-006,0.000805138
4.0492e-006,0.00102441
4.0494e-006,0.000657815
4.0496e-006,5.8244e-005
4.0498e-006,-0.000215845
4.05e-006,0.000116488
4.0502e-006,0.000692076
4.0504e-006,0.000931904
4.0506e-006,0.000589292
4.0508e-006,-1.02783e-005
4.051e-006,-0.000212419
4.0512e-006,0.000243254
4.0514e-006,0.000925052
4.0516e-006,0.00120599
4.0518e-006,0.000835973
4.052e-006,0.000137045
4.0522e-006,-0.00022955
4.0524e-006,5.48179e-005
4.0526e-006,0.000650962
4.0528e-006,0.00093533
4.053e-006,0.000620127
4.0532e-006,3.08351e-005
4.0534e-006,-0.000239828
4.0536e-006,0.000102784
4.0538e-006,0.000733189
4.054e-006,0.00103126
4.0542e-006,0.000716059
4.0544e-006,0.000113062
4.0546e-006,-0.000143897
4.0548e-006,0.000188436
4.055e-006,0.000781155
4.0552e-006,0.00102441
4.0554e-006,0.000637258
4.0556e-006,2.05567e-005
4.0558e-006,-0.000202141
4.056e-006,0.000164454
4.0562e-006,0.000770876
4.0564e-006,0.0010107
4.0566e-006,0.000657815
4.0568e-006,4.79657e-005
4.057e-006,-0.000181584
4.0572e-006,0.000215845
4.0574e-006,0.00081199
4.0576e-006,0.000993574
4.0578e-006,0.0005379
4.058e-006,-9.25051e-005
4.0582e-006,-0.000267237
4.0584e-006,0.000212419
4.0586e-006,0.000887364
4.0588e-006,0.00111006
4.059e-006,0.000661241
4.0592e-006,-5.8244e-005
4.0594e-006,-0.000325481
4.0596e-006,0.000126766
4.0598e-006,0.000842825
4.06e-006,0.00112377
4.0602e-006,0.000733189
4.0604e-006,7.88007e-005
4.0606e-006,-0.000215845
4.0608e-006,0.000116488
4.061e-006,0.000674945
4.0612e-006,0.000877086
4.0614e-006,0.000541327
4.0616e-006,4.11134e-005
4.0618e-006,-8.22268e-005
4.062e-006,0.000325481
4.0622e-006,0.000853103
4.0624e-006,0.000959313
4.0626e-006,0.000493361
4.0628e-006,-0.000109636
4.063e-006,-0.00024668
4.0632e-006,0.000219272
4.0634e-006,0.000877086
4.0636e-006,0.00111349
4.0638e-006,0.000709206
4.064e-006,6.16701e-005
4.0642e-006,-0.00018501
4.0644e-006,0.000157601
4.0646e-006,0.00068865
4.0648e-006,0.000849677
4.065e-006,0.000455674
4.0652e-006,-7.19484e-005
4.0654e-006,-0.000188436
4.0656e-006,0.000270663
4.0658e-006,0.000890791
4.066e-006,0.00108265
4.0662e-006,0.000657815
4.0664e-006,3.76873e-005
4.0666e-006,-0.000171306
4.0668e-006,0.000222698
4.067e-006,0.000808564
4.0672e-006,0.000959313
4.0674e-006,0.000531048
4.0676e-006,-4.79656e-005
4.0678e-006,-0.000243254
4.068e-006,0.000154175
4.0682e-006,0.000764024
4.0684e-006,0.000945608
4.0686e-006,0.000572162
4.0688e-006,3.76873e-005
4.069e-006,-0.000109636
4.0692e-006,0.000294646
4.0694e-006,0.000835973
4.0696e-006,0.000925052
4.0698e-006,0.000445395
4.07e-006,-0.000140471
4.0702e-006,-0.000256959
4.0704e-006,0.000267237
4.0706e-006,0.000938756
4.0708e-006,0.00110321
4.071e-006,0.000616701
4.0712e-006,-4.79656e-005
4.0714e-006,-0.00024668
4.0716e-006,0.000208993
4.0718e-006,0.00082912
4.072e-006,0.00103811
4.0722e-006,0.000647536
4.0724e-006,2.05567e-005
4.0726e-006,-0.000191863
4.0728e-006,0.000205567
4.073e-006,0.000770876
4.0732e-006,0.000901069
4.0734e-006,0.000462526
4.0736e-006,-7.19484e-005
4.0738e-006,-0.000161027
4.074e-006,0.000308351
4.0742e-006,0.000921626
4.0744e-006,0.00109978
4.0746e-006,0.000681797
4.0748e-006,6.85224e-005
4.075e-006,-0.00016788
4.0752e-006,0.000191863
4.0754e-006,0.00076745
4.0756e-006,0.000952461
4.0758e-006,0.000575588
4.076e-006,3.06954e-011
4.0762e-006,-0.000191863
4.0764e-006,0.000191863
4.0766e-006,0.000746894
4.0768e-006,0.000925052
4.077e-006,0.000548179
4.0772e-006,3.42615e-006
4.0774e-006,-0.000133619
4.0776e-006,0.000277516
4.0778e-006,0.000842825
4.078e-006,0.0010107
4.0782e-006,0.000626979
4.0784e-006,4.45396e-005
4.0786e-006,-0.000178158
4.0788e-006,0.00018501
4.079e-006,0.000702354
4.0792e-006,0.00087366
4.0794e-006,0.000534474
4.0796e-006,3.76873e-005
4.0798e-006,-7.88007e-005
4.08e-006,0.000308351
4.0802e-006,0.000777729
4.0804e-006,0.000853103
4.0806e-006,0.000462526
4.0808e-006,-3.42611e-005
4.081e-006,-0.000113062
4.0812e-006,0.000304924
4.0814e-006,0.000798285
4.0816e-006,0.000894217
4.0818e-006,0.000496787
4.082e-006,1.37045e-005
4.0822e-006,-6.85223e-005
4.0824e-006,0.000315203
4.0826e-006,0.00076745
4.0828e-006,0.000849677
4.083e-006,0.000510492
4.0832e-006,9.25052e-005
4.0834e-006,3.42615e-006
4.0836e-006,0.000294646
4.0838e-006,0.00064411
4.084e-006,0.000698928
4.0842e-006,0.000428265
4.0844e-006,0.000113062
4.0846e-006,8.22268e-005
4.0848e-006,0.00033576
4.085e-006,0.000602997
4.0852e-006,0.000620127
4.0854e-006,0.000370021
4.0856e-006,0.000130192
4.0858e-006,0.000161028
4.086e-006,0.000438543
4.0862e-006,0.000719485
4.0864e-006,0.000736615
4.0866e-006,0.000479656
4.0868e-006,0.000164454
4.087e-006,4.79657e-005
4.0872e-006,0.00024668
4.0874e-006,0.000565309
4.0876e-006,0.000698928
4.0878e-006,0.000541327
4.088e-006,0.000260385
4.0882e-006,0.000109636
4.0884e-006,0.000188436
4.0886e-006,0.000438543
4.0888e-006,0.000620127
4.089e-006,0.000548179
4.0892e-006,0.000308351
4.0894e-006,0.00016788
4.0896e-006,0.000294646
4.0898e-006,0.000589292
4.09e-006,0.000743467
4.0902e-006,0.000606423
4.0904e-006,0.000328907
4.0906e-006,0.00016788
4.0908e-006,0.000260385
4.091e-006,0.000493361
4.0912e-006,0.000599571
4.0914e-006,0.000435117
4.0916e-006,0.000126766
4.0918e-006,6.85227e-006
4.092e-006,0.000239828
4.0922e-006,0.000613275
4.0924e-006,0.000805138
4.0926e-006,0.000668093
4.0928e-006,0.000339186
4.093e-006,0.000154175
4.0932e-006,0.000280942
4.0934e-006,0.000575588
4.0936e-006,0.000692076
4.0938e-006,0.000489935
4.094e-006,0.000178158
4.0942e-006,5.13918e-005
4.0944e-006,0.000260385
4.0946e-006,0.000585866
4.0948e-006,0.000698928
4.095e-006,0.000503639
4.0952e-006,0.000181584
4.0954e-006,2.39829e-005
4.0956e-006,0.000208993
4.0958e-006,0.000596144
4.096e-006,0.00082912
4.0962e-006,0.000719485
4.0964e-006,0.000383725
4.0966e-006,0.000154175
4.0968e-006,0.000219272
4.097e-006,0.000445395
4.0972e-006,0.000606423
4.0974e-006,0.000489935
4.0976e-006,0.000219272
4.0978e-006,9.25052e-005
4.098e-006,0.00022955
4.0982e-006,0.000517344
4.0984e-006,0.000681797
4.0986e-006,0.000561883
4.0988e-006,0.000263811
4.099e-006,0.000113062
4.0992e-006,0.000256959
4.0994e-006,0.000551605
4.0996e-006,0.000729763
4.0998e-006,0.000596144
4.1e-006,0.000267237
4.1002e-006,7.53746e-005
4.1004e-006,0.000222698
4.1006e-006,0.000558457
4.1008e-006,0.000743467
4.101e-006,0.000602997
4.1012e-006,0.000294646
4.1014e-006,0.000130192
4.1016e-006,0.000236402
4.1018e-006,0.000462526
4.102e-006,0.000568735
4.1022e-006,0.000431691
4.1024e-006,0.000161028
4.1026e-006,3.76873e-005
4.1028e-006,0.000253533
4.103e-006,0.00064411
4.1032e-006,0.000856529
4.1034e-006,0.000736615
4.1036e-006,0.000390577
4.1038e-006,0.000140471
4.104e-006,0.000208993
4.1042e-006,0.000479656
4.1044e-006,0.000650962
4.1046e-006,0.000500213
4.1048e-006,0.00018501
4.105e-006,2.39829e-005
4.1052e-006,0.000222698
4.1054e-006,0.000613275
4.1056e-006,0.000815416
4.1058e-006,0.000657815
4.106e-006,0.000270663
4.1062e-006,3.06954e-011
4.1064e-006,9.25052e-005
4.1066e-006,0.000417986
4.1068e-006,0.000630406
4.107e-006,0.000592718
4.1072e-006,0.00039743
4.1074e-006,0.000298072
4.1076e-006,0.000431691
4.1078e-006,0.000640684
4.108e-006,0.000695502
4.1082e-006,0.000472804
4.1084e-006,0.000130192
4.1086e-006,-4.11134e-005
4.1088e-006,0.000143897
4.109e-006,0.000527622
4.1092e-006,0.000740041
4.1094e-006,0.000637258
4.1096e-006,0.000383725
4.1098e-006,0.000243254
4.11e-006,0.000346038
4.1102e-006,0.000548179
4.1104e-006,0.000640684
4.1106e-006,0.000500213
4.1108e-006,0.000243254
4.111e-006,0.000113062
4.1112e-006,0.000212419
4.1114e-006,0.000431691
4.1116e-006,0.000575588
4.1118e-006,0.000555031
4.112e-006,0.000417986
4.1122e-006,0.000308351
4.1124e-006,0.00035289
4.1126e-006,0.000500213
4.1128e-006,0.000579014
4.113e-006,0.000489935
4.1132e-006,0.000287794
4.1134e-006,0.000171306
4.1136e-006,0.000274089
4.1138e-006,0.000507065
4.114e-006,0.000640684
4.1142e-006,0.000544753
4.1144e-006,0.000277516
4.1146e-006,0.000102784
4.1148e-006,0.000202141
4.115e-006,0.000500213
4.1152e-006,0.000726337
4.1154e-006,0.000657815
4.1156e-006,0.000387151
4.1158e-006,0.000140471
4.116e-006,0.00012334
4.1162e-006,0.000328907
4.1164e-006,0.000548179
4.1166e-006,0.000616701
4.1168e-006,0.000489935
4.117e-006,0.000349464
4.1172e-006,0.000349464
4.1174e-006,0.000428265
4.1176e-006,0.0004591
4.1178e-006,0.000356316
4.118e-006,0.000198715
4.1182e-006,0.000140471
4.1184e-006,0.000325481
4.1186e-006,0.00064411
4.1188e-006,0.000784581
4.119e-006,0.000626979
4.1192e-006,0.000298072
4.1194e-006,6.50963e-005
4.1196e-006,0.000126766
4.1198e-006,0.000394004
4.12e-006,0.000592718
4.1202e-006,0.000555031
4.1204e-006,0.000356316
4.1206e-006,0.000215845
4.1208e-006,0.000280942
4.121e-006,0.000507065
4.1212e-006,0.000668093
4.1214e-006,0.000585866
4.1216e-006,0.00033576
4.1218e-006,0.000164454
4.122e-006,0.000222698
4.1222e-006,0.000424839
4.1224e-006,0.00058244
4.1226e-006,0.000541327
4.1228e-006,0.000373447
4.123e-006,0.000270663
4.1232e-006,0.000328907
4.1234e-006,0.000483083
4.1236e-006,0.000541327
4.1238e-006,0.000383725
4.124e-006,0.000150749
4.1242e-006,6.85224e-005
4.1244e-006,0.000267237
4.1246e-006,0.000602997
4.1248e-006,0.000788007
4.125e-006,0.000668093
4.1252e-006,0.00033576
4.1254e-006,7.88007e-005
4.1256e-006,0.000113062
4.1258e-006,0.000394004
4.126e-006,0.000650962
4.1262e-006,0.000668093
4.1264e-006,0.000465952
4.1266e-006,0.000270663
4.1268e-006,0.000277516
4.127e-006,0.000452248
4.1272e-006,0.000561883
4.1274e-006,0.000465952
4.1276e-006,0.000256959
4.1278e-006,0.000150749
4.128e-006,0.000253533
4.1282e-006,0.000472804
4.1284e-006,0.000626979
4.1286e-006,0.000561883
4.1288e-006,0.000342612
4.129e-006,0.000212419
4.1292e-006,0.00033576
4.1294e-006,0.000589292
4.1296e-006,0.000729763
4.1298e-006,0.00058244
4.13e-006,0.00024668
4.1302e-006,2.05567e-005
4.1304e-006,9.25052e-005
4.1306e-006,0.000390577
4.1308e-006,0.000647536
4.131e-006,0.000668093
4.1312e-006,0.000455674
4.1314e-006,0.000274089
4.1316e-006,0.000277516
4.1318e-006,0.000417986
4.132e-006,0.000517344
4.1322e-006,0.000424839
4.1324e-006,0.000253533
4.1326e-006,0.000198715
4.1328e-006,0.000373447
4.133e-006,0.000637258
4.1332e-006,0.000712632
4.1334e-006,0.000500213
4.1336e-006,0.000202141
4.1338e-006,7.19485e-005
4.134e-006,0.000205567
4.1342e-006,0.000524196
4.1344e-006,0.000740041
4.1346e-006,0.000654388
4.1348e-006,0.000349464
4.135e-006,0.000102784
4.1352e-006,0.00016788
4.1354e-006,0.000417986
4.1356e-006,0.000579014
4.1358e-006,0.000524196
4.136e-006,0.000315203
4.1362e-006,0.000205567
4.1364e-006,0.000349464
4.1366e-006,0.000585866
4.1368e-006,0.000695502
4.137e-006,0.000541327
4.1372e-006,0.000226124
4.1374e-006,4.45396e-005
4.1376e-006,0.00016788
4.1378e-006,0.000500213
4.138e-006,0.000729763
4.1382e-006,0.000685223
4.1384e-006,0.000428265
4.1386e-006,0.000270663
4.1388e-006,0.00035289
4.139e-006,0.000503639
4.1392e-006,0.0005379
4.1394e-006,0.000387151
4.1396e-006,0.000154175
4.1398e-006,2.05567e-005
4.14e-006,0.000157601
4.1402e-006,0.000469378
4.1404e-006,0.000668093
4.1406e-006,0.000613275
4.1408e-006,0.000370021
4.141e-006,0.000208993
4.1412e-006,0.000322055
4.1414e-006,0.000568735
4.1416e-006,0.000685223
4.1418e-006,0.000568735
4.142e-006,0.000325481
4.1422e-006,0.00018501
4.1424e-006,0.00024668
4.1426e-006,0.000435117
4.1428e-006,0.000555031
4.143e-006,0.0004591
4.1432e-006,0.00024668
4.1434e-006,0.00012334
4.1436e-006,0.000236402
4.1438e-006,0.000507065
4.144e-006,0.000650962
4.1442e-006,0.000558457
4.1444e-006,0.000311777
4.1446e-006,0.000143897
4.1448e-006,0.000236402
4.145e-006,0.000510492
4.1452e-006,0.00068865
4.1454e-006,0.000613275
4.1456e-006,0.000359742
4.1458e-006,0.00016788
4.146e-006,0.000219272
4.1462e-006,0.000455674
4.1464e-006,0.000623553
4.1466e-006,0.000544753
4.1468e-006,0.000298072
4.147e-006,0.000147323
4.1472e-006,0.000219272
4.1474e-006,0.000438543
4.1476e-006,0.00058244
4.1478e-006,0.000455674
4.148e-006,0.000222698
4.1482e-006,0.000150749
4.1484e-006,0.000346038
4.1486e-006,0.000650962
4.1488e-006,0.000777729
4.149e-006,0.000616701
4.1492e-006,0.000274089
4.1494e-006,7.19485e-005
4.1496e-006,0.000208993
4.1498e-006,0.000500213
4.15e-006,0.000650962
4.1502e-006,0.000527622
4.1504e-006,0.000270663
4.1506e-006,0.000171306
4.1508e-006,0.000370021
4.151e-006,0.000674945
4.1512e-006,0.000781155
4.1514e-006,0.000541327
4.1516e-006,0.000147323
4.1518e-006,-2.39828e-005
4.152e-006,0.000140471
4.1522e-006,0.000465952
4.1524e-006,0.000654388
4.1526e-006,0.000541327
4.1528e-006,0.000287794
4.153e-006,0.000188436
4.1532e-006,0.000390577
4.1534e-006,0.000702354
4.1536e-006,0.000791433
4.1538e-006,0.000561883
4.154e-006,0.000232976
4.1542e-006,9.59313e-005
4.1544e-006,0.000260385
4.1546e-006,0.000531048
4.1548e-006,0.000579014
4.155e-006,0.000346038
4.1552e-006,7.19485e-005
4.1554e-006,5.13918e-005
4.1556e-006,0.00033576
4.1558e-006,0.000650962
4.156e-006,0.000757172
4.1562e-006,0.000534474
4.1564e-006,0.000198715
4.1566e-006,0.000130192
4.1568e-006,0.000387151
4.157e-006,0.000695502
4.1572e-006,0.000774303
4.1574e-006,0.000531048
4.1576e-006,0.000208993
4.1578e-006,0.000102784
4.158e-006,0.000277516
4.1582e-006,0.000558457
4.1584e-006,0.000640684
4.1586e-006,0.000428265
4.1588e-006,0.000137045
4.159e-006,3.42612e-005
4.1592e-006,0.000232976
4.1594e-006,0.000555031
4.1596e-006,0.000692076
4.1598e-006,0.000524196
4.16e-006,0.00024668
4.1602e-006,0.000171306
4.1604e-006,0.000376873
4.1606e-006,0.000647536
4.1608e-006,0.000695502
4.161e-006,0.000455674
4.1612e-006,0.000161028
4.1614e-006,0.000113062
4.1616e-006,0.000356316
4.1618e-006,0.000647536
4.162e-006,0.000681797
4.1622e-006,0.000400856
4.1624e-006,7.19485e-005
4.1626e-006,6.85227e-006
4.1628e-006,0.000294646
4.163e-006,0.000681797
4.1632e-006,0.000818842
4.1634e-006,0.000592718
4.1636e-006,0.000219272
4.1638e-006,8.5653e-005
4.164e-006,0.000284368
4.1642e-006,0.000561883
4.1644e-006,0.000626979
4.1646e-006,0.000428265
4.1648e-006,0.000157601
4.165e-006,0.000116488
4.1652e-006,0.000363168
4.1654e-006,0.000650962
4.1656e-006,0.000709206
4.1658e-006,0.000483083
4.166e-006,0.000164454
4.1662e-006,8.22268e-005
4.1664e-006,0.000298072
4.1666e-006,0.000544753
4.1668e-006,0.000609849
4.167e-006,0.000441969
4.1672e-006,0.000198715
4.1674e-006,0.000195289
4.1676e-006,0.000479656
4.1678e-006,0.000774303
4.168e-006,0.00076745
4.1682e-006,0.000411134
4.1684e-006,2.7409e-005
4.1686e-006,-5.48178e-005
4.1688e-006,0.000208993
4.169e-006,0.000579014
4.1692e-006,0.000702354
4.1694e-006,0.000496787
4.1696e-006,0.000222698
4.1698e-006,0.00016788
4.17e-006,0.000376873
4.1702e-006,0.000633832
4.1704e-006,0.000678371
4.1706e-006,0.000435117
4.1708e-006,0.000171306
4.171e-006,0.000181584
4.1712e-006,0.000452248
4.1714e-006,0.00070578
4.1716e-006,0.000678371
4.1718e-006,0.000356316
4.172e-006,3.76873e-005
4.1722e-006,3.06954e-011
4.1724e-006,0.000284368
4.1726e-006,0.000620127
4.1728e-006,0.000681797
4.173e-006,0.000441969
4.1732e-006,0.000143897
4.1734e-006,9.93574e-005
4.1736e-006,0.000387151
4.1738e-006,0.000753746
4.174e-006,0.000842825
4.1742e-006,0.000579014
4.1744e-006,0.000222698
4.1746e-006,0.000119914
4.1748e-006,0.00035289
4.175e-006,0.000606423
4.1752e-006,0.000630406
4.1754e-006,0.000383725
4.1756e-006,7.88007e-005
4.1758e-006,3.42612e-005
4.176e-006,0.000256959
4.1762e-006,0.000500213
4.1764e-006,0.000531048
4.1766e-006,0.00033576
4.1768e-006,0.000154175
4.177e-006,0.00024668
4.1772e-006,0.000589292
4.1774e-006,0.000853103
4.1776e-006,0.000794859
4.1778e-006,0.000483083
4.178e-006,0.000161028
4.1782e-006,8.5653e-005
4.1784e-006,0.000318629
4.1786e-006,0.000606423
4.1788e-006,0.000657815
4.179e-006,0.00041456
4.1792e-006,0.000116488
4.1794e-006,3.42612e-005
4.1796e-006,0.000222698
4.1798e-006,0.00052077
4.18e-006,0.000654388
4.1802e-006,0.000531048
4.1804e-006,0.000315203
4.1806e-006,0.000267237
4.1808e-006,0.000445395
4.181e-006,0.000668093
4.1812e-006,0.000695502
4.1814e-006,0.000469378
4.1816e-006,0.000239828
4.1818e-006,0.000195289
4.182e-006,0.000373447
4.1822e-006,0.000592718
4.1824e-006,0.000572162
4.1826e-006,0.00033576
4.1828e-006,0.000102784
4.183e-006,9.59313e-005
4.1832e-006,0.000359742
4.1834e-006,0.000661241
4.1836e-006,0.000685223
4.1838e-006,0.000428265
4.184e-006,0.000154175
4.1842e-006,0.000116488
4.1844e-006,0.000400856
4.1846e-006,0.000746894
4.1848e-006,0.00082912
4.185e-006,0.000572162
4.1852e-006,0.000222698
4.1854e-006,0.000109636
4.1856e-006,0.000308351
4.1858e-006,0.000579014
4.186e-006,0.000606423
4.1862e-006,0.000342612
4.1864e-006,3.76873e-005
4.1866e-006,2.39829e-005
4.1868e-006,0.000322055
4.187e-006,0.000633832
4.1872e-006,0.000698928
4.1874e-006,0.000479656
4.1876e-006,0.000212419
4.1878e-006,0.000191863
4.188e-006,0.000435117
4.1882e-006,0.000695502
4.1884e-006,0.00070578
4.1886e-006,0.000411134
4.1888e-006,8.5653e-005
4.189e-006,3.76873e-005
4.1892e-006,0.000328907
4.1894e-006,0.000640684
4.1896e-006,0.000681797
4.1898e-006,0.000445395
4.19e-006,0.000150749
4.1902e-006,0.000102784
4.1904e-006,0.000346038
4.1906e-006,0.000606423
4.1908e-006,0.00064411
4.191e-006,0.000441969
4.1912e-006,0.000181584
4.1914e-006,0.000147323
4.1916e-006,0.000370021
4.1918e-006,0.000609849
4.192e-006,0.000657815
4.1922e-006,0.000483083
4.1924e-006,0.000263811
4.1926e-006,0.000250107
4.1928e-006,0.000465952
4.193e-006,0.000650962
4.1932e-006,0.000572162
4.1934e-006,0.000256959
4.1936e-006,-6.8522e-006
4.1938e-006,3.42612e-005
4.194e-006,0.000383725
4.1942e-006,0.000760598
4.1944e-006,0.000856529
4.1946e-006,0.000596144
4.1948e-006,0.000236402
4.195e-006,0.000102784
4.1952e-006,0.000267237
4.1954e-006,0.000500213
4.1956e-006,0.000565309
4.1958e-006,0.000394004
4.196e-006,0.000178158
4.1962e-006,0.000215845
4.1964e-006,0.000503639
4.1966e-006,0.000774303
4.1968e-006,0.000770876
4.197e-006,0.000493361
4.1972e-006,0.000188436
4.1974e-006,0.000133619
4.1976e-006,0.00035289
4.1978e-006,0.000585866
4.198e-006,0.00058244
4.1982e-006,0.000359742
4.1984e-006,0.00012334
4.1986e-006,0.00012334
4.1988e-006,0.00039743
4.199e-006,0.000695502
4.1992e-006,0.000722911
4.1994e-006,0.000445395
4.1996e-006,0.000119914
4.1998e-006,5.8244e-005
4.2e-006,0.000325481
4.2002e-006,0.000654388
4.2004e-006,0.000788007
4.2006e-006,0.000657815
4.2008e-006,0.000411134
4.201e-006,0.000294646
4.2012e-006,0.000363168
4.2014e-006,0.000452248
4.2016e-006,0.000387151
4.2018e-006,0.00016788
4.202e-006,1.71306e-005
4.2022e-006,0.000164454
4.2024e-006,0.000513918
4.2026e-006,0.000784581
4.2028e-006,0.00075032
4.203e-006,0.000452248
4.2032e-006,0.000150749
4.2034e-006,9.25052e-005
4.2036e-006,0.000349464
4.2038e-006,0.00064411
4.204e-006,0.000685223
4.2042e-006,0.000472804
4.2044e-006,0.000226124
4.2046e-006,0.000188436
4.2048e-006,0.000428265
4.205e-006,0.000709206
4.2052e-006,0.000726337
4.2054e-006,0.000445395
4.2056e-006,8.22268e-005
4.2058e-006,-5.13917e-005
4.206e-006,0.000130192
4.2062e-006,0.000424839
4.2064e-006,0.000575588
4.2066e-006,0.000472804
4.2068e-006,0.000294646
4.207e-006,0.000311777
4.2072e-006,0.000513918
4.2074e-006,0.000712632
4.2076e-006,0.000712632
4.2078e-006,0.000448821
4.208e-006,0.000113062
4.2082e-006,4.11134e-005
4.2084e-006,0.000277516
4.2086e-006,0.000596144
4.2088e-006,0.000695502
4.209e-006,0.000483083
4.2092e-006,0.000222698
4.2094e-006,0.00018501
4.2096e-006,0.000394004
4.2098e-006,0.000606423
4.21e-006,0.000606423
4.2102e-006,0.000359742
4.2104e-006,9.93574e-005
4.2106e-006,7.88007e-005
4.2108e-006,0.000322055
4.211e-006,0.000640684
4.2112e-006,0.000722911
4.2114e-006,0.000479656
4.2116e-006,0.000178158
4.2118e-006,0.000119914
4.212e-006,0.000342612
4.2122e-006,0.000637258
4.2124e-006,0.000716059
4.2126e-006,0.000496787
4.2128e-006,0.000208993
4.213e-006,0.000119914
4.2132e-006,0.000301498
4.2134e-006,0.000531048
4.2136e-006,0.000551605
4.2138e-006,0.000349464
4.214e-006,0.000150749
4.2142e-006,0.000198715
4.2144e-006,0.000472804
4.2146e-006,0.000698928
4.2148e-006,0.000664667
4.215e-006,0.00039743
4.2152e-006,0.000171306
4.2154e-006,0.000215845
4.2156e-006,0.000510492
4.2158e-006,0.000788007
4.216e-006,0.000746894
4.2162e-006,0.000390577
4.2164e-006,2.7409e-005
4.2166e-006,-3.76873e-005
4.2168e-006,0.000274089
4.217e-006,0.000657815
4.2172e-006,0.000746894
4.2174e-006,0.000513918
4.2176e-006,0.000191863
4.2178e-006,9.25052e-005
4.218e-006,0.000325481
4.2182e-006,0.00064411
4.2184e-006,0.00075032
4.2186e-006,0.000544753
4.2188e-006,0.000250107
4.219e-006,0.000208993
4.2192e-006,0.000424839
4.2194e-006,0.000650962
4.2196e-006,0.000626979
4.2198e-006,0.00033576
4.22e-006,3.08351e-005
4.2202e-006,-2.05567e-005
4.2204e-006,0.000239828
4.2206e-006,0.000575588
4.2208e-006,0.000695502
4.221e-006,0.000534474
4.2212e-006,0.000298072
4.2214e-006,0.000270663
4.2216e-006,0.00052077
4.2218e-006,0.000781155
4.222e-006,0.000757172
4.2222e-006,0.000407708
4.2224e-006,1.37045e-005
4.2226e-006,-5.13917e-005
4.2228e-006,0.000232976
4.223e-006,0.000579014
4.2232e-006,0.000678371
4.2234e-006,0.000448821
4.2236e-006,0.000140471
4.2238e-006,7.88007e-005
4.224e-006,0.000342612
4.2242e-006,0.000671519
4.2244e-006,0.000764024
4.2246e-006,0.000555031
4.2248e-006,0.000253533
4.225e-006,0.000164454
4.2252e-006,0.000383725
4.2254e-006,0.000674945
4.2256e-006,0.000729763
4.2258e-006,0.0004591
4.226e-006,9.93574e-005
4.2262e-006,2.05567e-005
4.2264e-006,0.000304924
4.2266e-006,0.000640684
4.2268e-006,0.000712632
4.227e-006,0.000513918
4.2272e-006,0.000239828
4.2274e-006,0.000161028
4.2276e-006,0.000356316
4.2278e-006,0.000602997
4.228e-006,0.000630406
4.2282e-006,0.000380299
4.2284e-006,0.000109636
4.2286e-006,0.00012334
4.2288e-006,0.000445395
4.229e-006,0.000753746
4.2292e-006,0.00076745
4.2294e-006,0.000472804
4.2296e-006,0.000113062
4.2298e-006,4.11134e-005
4.23e-006,0.000325481
4.2302e-006,0.00068865
4.2304e-006,0.000777729
4.2306e-006,0.000513918
4.2308e-006,0.000157601
4.231e-006,4.11134e-005
4.2312e-006,0.000270663
4.2314e-006,0.000609849
4.2316e-006,0.000719485
4.2318e-006,0.000524196
4.232e-006,0.000250107
4.2322e-006,0.000174732
4.2324e-006,0.000370021
4.2326e-006,0.000623553
4.2328e-006,0.00064411
4.233e-006,0.000407708
4.2332e-006,0.000157601
4.2334e-006,0.000174732
4.2336e-006,0.000455674
4.2338e-006,0.000712632
4.234e-006,0.000671519
4.2342e-006,0.000342612
4.2344e-006,3.76873e-005
4.2346e-006,6.85224e-005
4.2348e-006,0.000431691
4.235e-006,0.000791433
4.2352e-006,0.000842825
4.2354e-006,0.000555031
4.2356e-006,0.000181584
4.2358e-006,8.5653e-005
4.236e-006,0.000332333
4.2362e-006,0.000606423
4.2364e-006,0.000613275
4.2366e-006,0.000370021
4.2368e-006,0.000126766
4.237e-006,0.000137045
4.2372e-006,0.000404282
4.2374e-006,0.000685223
4.2376e-006,0.000685223
4.2378e-006,0.000400856
4.238e-006,7.88007e-005
4.2382e-006,1.71306e-005
4.2384e-006,0.000304924
4.2386e-006,0.000647536
4.2388e-006,0.000760598
4.239e-006,0.000585866
4.2392e-006,0.000301498
4.2394e-006,0.000188436
4.2396e-006,0.000349464
4.2398e-006,0.000572162
4.24e-006,0.000579014
4.2402e-006,0.000366595
4.2404e-006,0.00012334
4.2406e-006,0.000116488
4.2408e-006,0.000404282
4.241e-006,0.000685223
4.2412e-006,0.000671519
4.2414e-006,0.000366595
4.2416e-006,8.22268e-005
4.2418e-006,0.000102784
4.242e-006,0.000400856
4.2422e-006,0.000722911
4.2424e-006,0.000784581
4.2426e-006,0.000493361
4.2428e-006,0.000126766
4.243e-006,4.45396e-005
4.2432e-006,0.000315203
4.2434e-006,0.000668093
4.2436e-006,0.000743467
4.2438e-006,0.000517344
4.244e-006,0.000188436
4.2442e-006,5.13918e-005
4.2444e-006,0.000243254
4.2446e-006,0.000524196
4.2448e-006,0.000620127
4.245e-006,0.0004591
4.2452e-006,0.000239828
4.2454e-006,0.000250107
4.2456e-006,0.000486509
4.2458e-006,0.000685223
4.246e-006,0.000640684
4.2462e-006,0.000342612
4.2464e-006,6.50963e-005
4.2466e-006,8.90791e-005
4.2468e-006,0.000394004
4.247e-006,0.000719485
4.2472e-006,0.00076745
4.2474e-006,0.000479656
4.2476e-006,0.000154175
4.2478e-006,0.000113062
4.248e-006,0.000394004
4.2482e-006,0.000692076
4.2484e-006,0.000712632
4.2486e-006,0.000431691
4.2488e-006,7.53746e-005
4.249e-006,-4.11134e-005
4.2492e-006,0.000191863
4.2494e-006,0.000534474
4.2496e-006,0.000668093
4.2498e-006,0.000544753
4.25e-006,0.00035289
4.2502e-006,0.000366595
4.2504e-006,0.000585866
4.2506e-006,0.000740041
4.2508e-006,0.000626979
4.251e-006,0.000267237
4.2512e-006,-6.50962e-005
4.2514e-006,-4.79656e-005
4.2516e-006,0.000304924
4.2518e-006,0.000668093
4.252e-006,0.000746894
4.2522e-006,0.00052077
4.2524e-006,0.000208993
4.2526e-006,9.93574e-005
4.2528e-006,0.00029122
4.253e-006,0.000585866
4.2532e-006,0.00070578
4.2534e-006,0.000579014
4.2536e-006,0.000359742
4.2538e-006,0.000263811
4.254e-006,0.000383725
4.2542e-006,0.000558457
4.2544e-006,0.000524196
4.2546e-006,0.000260385
4.2548e-006,3.08351e-005
4.255e-006,0.000109636
4.2552e-006,0.000483083
4.2554e-006,0.00082912
4.2556e-006,0.00082912
4.2558e-006,0.000479656
4.256e-006,8.5653e-005
4.2562e-006,-3.0835e-005
4.2564e-006,0.00022955
4.2566e-006,0.000602997
4.2568e-006,0.000746894
4.257e-006,0.000548179
4.2572e-006,0.000260385
4.2574e-006,0.00018501
4.2576e-006,0.000376873
4.2578e-006,0.000620127
4.258e-006,0.000668093
4.2582e-006,0.000493361
4.2584e-006,0.000243254
4.2586e-006,0.000188436
4.2588e-006,0.00041456
4.259e-006,0.000654388
4.2592e-006,0.000640684
4.2594e-006,0.000363168
4.2596e-006,7.19485e-005
4.2598e-006,5.8244e-005
4.26e-006,0.00033576
4.2602e-006,0.000623553
4.2604e-006,0.000657815
4.2606e-006,0.000417986
4.2608e-006,0.000150749
4.261e-006,0.000143897
4.2612e-006,0.000445395
4.2614e-006,0.000777729
4.2616e-006,0.000808564
4.2618e-006,0.0005379
4.262e-006,0.000208993
4.2622e-006,6.85224e-005
4.2624e-006,0.000208993
4.2626e-006,0.000448821
4.2628e-006,0.000541327
4.263e-006,0.000404282
4.2632e-006,0.000188436
4.2634e-006,0.000188436
4.2636e-006,0.000421412
4.2638e-006,0.000647536
4.264e-006,0.000657815
4.2642e-006,0.000441969
4.2644e-006,0.000202141
4.2646e-006,0.000198715
4.2648e-006,0.000455674
4.265e-006,0.000712632
4.2652e-006,0.000736615
4.2654e-006,0.000489935
4.2656e-006,0.000181584
4.2658e-006,0.000102784
4.266e-006,0.000287794
4.2662e-006,0.000493361
4.2664e-006,0.000479656
4.2666e-006,0.000243254
4.2668e-006,3.08351e-005
4.267e-006,0.000116488
4.2672e-006,0.000483083
4.2674e-006,0.000835973
4.2676e-006,0.000883938
4.2678e-006,0.000589292
4.268e-006,0.000232976
4.2682e-006,9.93574e-005
4.2684e-006,0.000260385
4.2686e-006,0.000531048
4.2688e-006,0.000620127
4.269e-006,0.000438543
4.2692e-006,0.000191863
4.2694e-006,0.000150749
4.2696e-006,0.000349464
4.2698e-006,0.000558457
4.27e-006,0.000558457
4.2702e-006,0.000342612
4.2704e-006,0.000119914
4.2706e-006,0.000143897
4.2708e-006,0.000428265
4.271e-006,0.000726337
4.2712e-006,0.000774303
4.2714e-006,0.000534474
4.2716e-006,0.000243254
4.2718e-006,0.000191863
4.272e-006,0.00039743
4.2722e-006,0.000561883
4.2724e-006,0.000486509
4.2726e-006,0.000226124
4.2728e-006,-3.42609e-006
4.273e-006,3.76873e-005
4.2732e-006,0.000359742
4.2734e-006,0.000657815
4.2736e-006,0.000702354
4.2738e-006,0.00047623
4.274e-006,0.000222698
4.2742e-006,0.000239828
4.2744e-006,0.000507065
4.2746e-006,0.000753746
4.2748e-006,0.000746894
4.275e-006,0.000441969
4.2752e-006,9.25052e-005
4.2754e-006,1.37045e-005
4.2756e-006,0.000239828
4.2758e-006,0.000517344
4.276e-006,0.000555031
4.2762e-006,0.00035289
4.2764e-006,0.000143897
4.2766e-006,0.000205567
4.2768e-006,0.000531048
4.277e-006,0.000805138
4.2772e-006,0.000770876
4.2774e-006,0.00047623
4.2776e-006,0.000181584
4.2778e-006,0.000150749
4.278e-006,0.000411134
4.2782e-006,0.000657815
4.2784e-006,0.000633832
4.2786e-006,0.000373447
4.2788e-006,0.00010621
4.279e-006,8.22268e-005
4.2792e-006,0.000287794
4.2794e-006,0.000507065
4.2796e-006,0.000517344
4.2798e-006,0.000328907
4.28e-006,0.000205567
4.2802e-006,0.000332333
4.2804e-006,0.000640684
4.2806e-006,0.000842825
4.2808e-006,0.000719485
4.281e-006,0.000380299
4.2812e-006,0.00012334
4.2814e-006,9.25052e-005
4.2816e-006,0.000284368
4.2818e-006,0.000489935
4.282e-006,0.0004591
4.2822e-006,0.00024668
4.2824e-006,0.000113062
4.2826e-006,0.000212419
4.2828e-006,0.000479656
4.283e-006,0.00068865
4.2832e-006,0.000657815
4.2834e-006,0.000441969
4.2836e-006,0.000274089
4.2838e-006,0.000304924
4.284e-006,0.000486509
4.2842e-006,0.000613275
4.2844e-006,0.000544753
4.2846e-006,0.000366595
4.2848e-006,0.000219272
4.285e-006,0.000219272
4.2852e-006,0.000370021
4.2854e-006,0.000524196
4.2856e-006,0.000500213
4.2858e-006,0.00033576
4.286e-006,0.000222698
4.2862e-006,0.000260385
4.2864e-006,0.000424839
4.2866e-006,0.000579014
4.2868e-006,0.000599571
4.287e-006,0.000469378
4.2872e-006,0.000311777
4.2874e-006,0.000256959
4.2876e-006,0.000356316
4.2878e-006,0.00052077
4.288e-006,0.000558457
4.2882e-006,0.000431691
4.2884e-006,0.000298072
4.2886e-006,0.000304924
4.2888e-006,0.000431691
4.289e-006,0.000561883
4.2892e-006,0.000558457
4.2894e-006,0.000400856
4.2896e-006,0.000226124
4.2898e-006,0.000171306
4.29e-006,0.000277516
4.2902e-006,0.000455674
4.2904e-006,0.000524196
4.2906e-006,0.000421412
4.2908e-006,0.000287794
4.291e-006,0.000287794
4.2912e-006,0.000435117
4.2914e-006,0.000602997
4.2916e-006,0.000630406
4.2918e-006,0.000500213
4.292e-006,0.000308351
4.2922e-006,0.00024668
4.2924e-006,0.000387151
4.2926e-006,0.000531048
4.2928e-006,0.00052077
4.293e-006,0.000342612
4.2932e-006,0.000174732
4.2934e-006,0.00018501
4.2936e-006,0.000394004
4.2938e-006,0.000599571
4.294e-006,0.000626979
4.2942e-006,0.000455674
4.2944e-006,0.000236402
4.2946e-006,0.000195289
4.2948e-006,0.000359742
4.295e-006,0.00058244
4.2952e-006,0.000630406
4.2954e-006,0.000472804
4.2956e-006,0.000267237
4.2958e-006,0.000212419
4.296e-006,0.000359742
4.2962e-006,0.000572162
4.2964e-006,0.000609849
4.2966e-006,0.000438543
4.2968e-006,0.00022955
4.297e-006,0.000154175
4.2972e-006,0.000287794
4.2974e-006,0.000500213
4.2976e-006,0.000592718
4.2978e-006,0.000486509
4.298e-006,0.00035289
4.2982e-006,0.000363168
4.2984e-006,0.000510492
4.2986e-006,0.000640684
4.2988e-006,0.000572162
4.299e-006,0.000311777
4.2992e-006,7.53746e-005
4.2994e-006,7.19485e-005
4.2996e-006,0.000304924
4.2998e-006,0.000579014
4.3e-006,0.00068865
4.3002e-006,0.000561883
4.3004e-006,0.000332333
4.3006e-006,0.000222698
4.3008e-006,0.000328907
4.301e-006,0.000496787
4.3012e-006,0.000555031
4.3014e-006,0.000448821
4.3016e-006,0.000318629
4.3018e-006,0.000318629
4.302e-006,0.000438543
4.3022e-006,0.000589292
4.3024e-006,0.000606423
4.3026e-006,0.000431691
4.3028e-006,0.000181584
4.303e-006,5.8244e-005
4.3032e-006,0.000157601
4.3034e-006,0.000380299
4.3036e-006,0.000503639
4.3038e-006,0.000469378
4.304e-006,0.000370021
4.3042e-006,0.000370021
4.3044e-006,0.0005379
4.3046e-006,0.00070578
4.3048e-006,0.000736615
4.305e-006,0.000558457
4.3052e-006,0.00022955
4.3054e-006,3.42612e-005
4.3056e-006,7.88007e-005
4.3058e-006,0.000280942
4.306e-006,0.000489935
4.3062e-006,0.000531048
4.3064e-006,0.0004591
4.3066e-006,0.000421412
4.3068e-006,0.000455674
4.307e-006,0.000500213
4.3072e-006,0.000483083
4.3074e-006,0.00033576
4.3076e-006,0.00018501
4.3078e-006,0.000191863
4.308e-006,0.000390577
4.3082e-006,0.000664667
4.3084e-006,0.000770876
4.3086e-006,0.000585866
4.3088e-006,0.000256959
4.309e-006,6.85224e-005
4.3092e-006,0.000154175
4.3094e-006,0.000435117
4.3096e-006,0.000602997
4.3098e-006,0.000507065
4.31e-006,0.000280942
4.3102e-006,0.000164454
4.3104e-006,0.000332333
4.3106e-006,0.000661241
4.3108e-006,0.00082912
4.311e-006,0.000657815
4.3112e-006,0.000318629
4.3114e-006,9.93574e-005
4.3116e-006,0.000157601
4.3118e-006,0.00039743
4.312e-006,0.000558457
4.3122e-006,0.000503639
4.3124e-006,0.000328907
4.3126e-006,0.000256959
4.3128e-006,0.000394004
4.313e-006,0.000596144
4.3132e-006,0.000664667
4.3134e-006,0.000507065
4.3136e-006,0.000253533
4.3138e-006,0.00012334
4.314e-006,0.000260385
4.3142e-006,0.000513918
4.3144e-006,0.000620127
4.3146e-006,0.000493361
4.3148e-006,0.000222698
4.315e-006,9.93574e-005
4.3152e-006,0.000267237
4.3154e-006,0.000548179
4.3156e-006,0.000685223
4.3158e-006,0.000606423
4.316e-006,0.000390577
4.3162e-006,0.000205567
4.3164e-006,0.000198715
4.3166e-006,0.000359742
4.3168e-006,0.000579014
4.317e-006,0.000712632
4.3172e-006,0.000637258
4.3174e-006,0.000342612
4.3176e-006,4.45396e-005
4.3178e-006,1.02784e-005
4.318e-006,0.000325481
4.3182e-006,0.000784581
4.3184e-006,0.00100385
4.3186e-006,0.000729763
4.3188e-006,0.00012334
4.319e-006,-0.000311777
4.3192e-006,-0.000140471
4.3194e-006,0.000599571
4.3196e-006,0.00129507
4.3198e-006,0.0012334
4.32e-006,0.000304924
4.3202e-006,-0.000709206
4.3204e-006,-0.000726337
4.3206e-006,0.000486509
4.3208e-006,0.00186381
4.321e-006,0.00197002
4.3212e-006,0.0004591
4.3214e-006,-0.0013122
4.3216e-006,-0.0014698
4.3218e-006,0.00041456
4.322e-006,0.00254561
4.3222e-006,0.002597
4.3224e-006,0.000260385
4.3226e-006,-0.00225096
4.3228e-006,-0.00221327
4.323e-006,0.000637258
4.3232e-006,0.00350149
4.3234e-006,0.00331648
4.3236e-006,7.53746e-005
4.3238e-006,-0.0029773
4.324e-006,-0.00259357
4.3242e-006,0.00102784
4.3244e-006,0.00419357
4.3246e-006,0.00354946
4.3248e-006,-0.000359742
4.325e-006,-0.00360428
4.3252e-006,-0.00278543
4.3254e-006,0.00136702
4.3256e-006,0.00465609
4.3258e-006,0.00368993
4.326e-006,-0.00064411
4.3262e-006,-0.00398457
4.3264e-006,-0.00297387
4.3266e-006,0.00143897
4.3268e-006,0.00493703
4.327e-006,0.00400513
4.3272e-006,-0.0004591
4.3274e-006,-0.00406338
4.3276e-006,-0.00326509
4.3278e-006,0.00115118
4.328e-006,0.0048274
4.3282e-006,0.00413532
4.3284e-006,-0.000298072
4.3286e-006,-0.00404282
4.3288e-006,-0.00327879
4.329e-006,0.0012985
4.3292e-006,0.00515973
4.3294e-006,0.00439571
4.3296e-006,-0.000376873
4.3298e-006,-0.00450877
4.33e-006,-0.0038304
4.3302e-006,0.00109293
4.3304e-006,0.00541669
4.3306e-006,0.00477601
4.3308e-006,-0.000328907
4.331e-006,-0.00485823
4.3312e-006,-0.00416958
4.3314e-006,0.00120599
4.3316e-006,0.00593061
4.3318e-006,0.00521798
4.332e-006,-0.000325481
4.3322e-006,-0.00517686
4.3324e-006,-0.00444367
4.3326e-006,0.00122312
4.3328e-006,0.00615673
4.333e-006,0.00539271
4.3332e-006,-0.000318629
4.3334e-006,-0.00530706
4.3336e-006,-0.0045259
4.3338e-006,0.00127109
4.334e-006,0.00618414
4.3342e-006,0.00520427
4.3344e-006,-0.000702354
4.3346e-006,-0.00558457
4.3348e-006,-0.00448821
4.335e-006,0.00163083
4.3352e-006,0.0066775
4.3354e-006,0.00554688
4.3356e-006,-0.000674945
4.3358e-006,-0.00582783
4.336e-006,-0.00474175
4.3362e-006,0.00150064
4.3364e-006,0.00661926
4.3366e-006,0.00549549
4.3368e-006,-0.000760598
4.337e-006,-0.0058895
4.3372e-006,-0.00471091
4.3374e-006,0.00163426
4.3376e-006,0.00681797
4.3378e-006,0.00566337
4.338e-006,-0.000685223
4.3382e-006,-0.00585866
4.3384e-006,-0.00465609
4.3386e-006,0.00168908
4.3388e-006,0.00676658
4.339e-006,0.00548179
4.3392e-006,-0.000938756
4.3394e-006,-0.00612932
4.3396e-006,-0.00483768
4.3398e-006,0.0016925
4.34e-006,0.006979
4.3402e-006,0.00575245
4.3404e-006,-0.000757172
4.3406e-006,-0.00604367
4.3408e-006,-0.00481712
4.341e-006,0.00169935
4.3412e-006,0.00695844
4.3414e-006,0.00569078
4.3416e-006,-0.000822268
4.3418e-006,-0.00605052
4.342e-006,-0.00473489
4.3422e-006,0.00174389
4.3424e-006,0.0068214
4.3426e-006,0.00542354
4.3428e-006,-0.00106895
4.343e-006,-0.00613618
4.3432e-006,-0.00464239
4.3434e-006,0.00194946
4.3436e-006,0.00702011
4.3438e-006,0.00553318
4.344e-006,-0.0010107
4.3442e-006,-0.00611562
4.3444e-006,-0.00463211
4.3446e-006,0.00193576
4.3448e-006,0.00701326
4.345e-006,0.00556744
4.3452e-006,-0.00100043
4.3454e-006,-0.00620127
4.3456e-006,-0.00484453
4.3458e-006,0.00171306
4.346e-006,0.00691733
4.3462e-006,0.0056017
4.3464e-006,-0.000931904
4.3466e-006,-0.00614988
4.3468e-006,-0.00477943
4.347e-006,0.0018364
4.3472e-006,0.00710919
4.3474e-006,0.00579356
4.3476e-006,-0.000801711
4.3478e-006,-0.00616016
4.348e-006,-0.00492676
4.3482e-006,0.00168222
4.3484e-006,0.00699271
4.3486e-006,0.00565652
4.3488e-006,-0.00103126
4.349e-006,-0.006376
4.3492e-006,-0.00495074
4.3494e-006,0.00189464
4.3496e-006,0.00735587
4.3498e-006,0.00600598
4.35e-006,-0.000866808
4.3502e-006,-0.00643425
4.3504e-006,-0.00511519
4.3506e-006,0.00172676
4.3508e-006,0.00719485
4.351e-006,0.00585181
4.3512e-006,-0.000959313
4.3514e-006,-0.00641369
4.3516e-006,-0.004985
4.3518e-006,0.00188094
4.352e-006,0.00726337
4.3522e-006,0.0058381
4.3524e-006,-0.00093533
4.3526e-006,-0.00630406
4.3528e-006,-0.00490277
4.353e-006,0.00182955
4.3532e-006,0.00707836
4.3534e-006,0.00562226
4.3536e-006,-0.00106895
4.3538e-006,-0.00631091
4.354e-006,-0.00480342
4.3542e-006,0.00194261
4.3544e-006,0.00717772
4.3546e-006,0.00570791
4.3548e-006,-0.00100043
4.355e-006,-0.00630406
4.3552e-006,-0.00493361
4.3554e-006,0.00169593
4.3556e-006,0.00693789
4.3558e-006,0.00564624
4.356e-006,-0.000835973
4.3562e-006,-0.00602997
4.3564e-006,-0.00471776
4.3566e-006,0.00181927
4.3568e-006,0.00700641
4.357e-006,0.00562911
4.3572e-006,-0.000959313
4.3574e-006,-0.00623896
4.3576e-006,-0.0049062
4.3578e-006,0.00172676
4.358e-006,0.00702011
4.3582e-006,0.00574217
4.3584e-006,-0.000835973
4.3586e-006,-0.00614645
4.3588e-006,-0.00488222
4.359e-006,0.00171648
4.3592e-006,0.0070441
4.3594e-006,0.0057593
4.3596e-006,-0.000842825
4.3598e-006,-0.00619785
4.36e-006,-0.00494389
4.3602e-006,0.00161713
4.3604e-006,0.00688307
4.3606e-006,0.0056017
4.3608e-006,-0.000907921
4.361e-006,-0.00605738
4.3612e-006,-0.00462183
4.3614e-006,0.00198715
4.3616e-006,0.00716401
4.3618e-006,0.00573189
4.362e-006,-0.000966165
4.3622e-006,-0.00632804
4.3624e-006,-0.00501584
4.3626e-006,0.00163426
4.3628e-006,0.006979
4.363e-006,0.00573189
4.3632e-006,-0.000808564
4.3634e-006,-0.00607451
4.3636e-006,-0.00477258
4.3638e-006,0.0017713
4.364e-006,0.00699271
4.3642e-006,0.00567022
4.3644e-006,-0.000904495
4.3646e-006,-0.00615673
4.3648e-006,-0.00481369
4.365e-006,0.00175417
4.3652e-006,0.00696872
4.3654e-006,0.0056668
4.3656e-006,-0.000877086
4.3658e-006,-0.00614303
4.366e-006,-0.00482055
4.3662e-006,0.00174732
4.3664e-006,0.00697557
4.3666e-006,0.00564967
4.3668e-006,-0.000918199
4.367e-006,-0.00614988
4.3672e-006,-0.00479656
4.3674e-006,0.00176788
4.3676e-006,0.00694817
4.3678e-006,0.00559142
4.368e-006,-0.000983296
4.3682e-006,-0.00617729
4.3684e-006,-0.0047486
4.3686e-006,0.00188779
4.3688e-006,0.00710919
4.369e-006,0.00568735
4.3692e-006,-0.000949034
4.3694e-006,-0.00623896
4.3696e-006,-0.00489592
4.3698e-006,0.00174732
4.37e-006,0.00702354
4.3702e-006,0.00569078
4.3704e-006,-0.000894217
4.3706e-006,-0.00614303
4.3708e-006,-0.00479999
4.371e-006,0.00180214
4.3712e-006,0.00700641
4.3714e-006,0.00557772
4.3716e-006,-0.0010621
4.3718e-006,-0.00625266
4.372e-006,-0.0047623
4.3722e-006,0.00195974
4.3724e-006,0.00724966
4.3726e-006,0.00580384
4.3728e-006,-0.000959313
4.373e-006,-0.00633489
4.3732e-006,-0.00503639
4.3734e-006,0.00165824
4.3736e-006,0.00707493
4.3738e-006,0.00579014
4.374e-006,-0.000866808
4.3742e-006,-0.00624581
4.3744e-006,-0.0049199
4.3746e-006,0.00180556
4.3748e-006,0.00719485
4.375e-006,0.0058895
4.3752e-006,-0.000808564
4.3754e-006,-0.00622868
4.3756e-006,-0.00496444
4.3758e-006,0.00167195
4.376e-006,0.00698928
4.3762e-006,0.00563596
4.3764e-006,-0.00103126
4.3766e-006,-0.00628693
4.3768e-006,-0.00478286
4.377e-006,0.0020591
4.3772e-006,0.00739699
4.3774e-006,0.00587236
4.3776e-006,-0.00104154
4.3778e-006,-0.00652333
4.378e-006,-0.00509806
4.3782e-006,0.00181927
4.3784e-006,0.0072942
4.3786e-006,0.00588607
4.3788e-006,-0.000959313
4.379e-006,-0.00639656
4.3792e-006,-0.00499185
4.3794e-006,0.00182612
4.3796e-006,0.0072017
4.3798e-006,0.00577643
4.38e-006,-0.000976443
4.3802e-006,-0.00629035
4.3804e-006,-0.00482055
4.3806e-006,0.00195974
4.3808e-006,0.0072154
4.381e-006,0.00565652
4.3812e-006,-0.00118201
4.3814e-006,-0.00648221
4.3816e-006,-0.0048925
4.3818e-006,0.00202141
4.382e-006,0.00732161
4.3822e-006,0.00575588
4.3824e-006,-0.00113062
4.3826e-006,-0.0065062
4.3828e-006,-0.00495759
4.383e-006,0.00196659
4.3832e-006,0.00732846
4.3834e-006,0.00581069
4.3836e-006,-0.00103126
4.3838e-006,-0.00642397
4.384e-006,-0.00495074
4.3842e-006,0.00193918
4.3844e-006,0.00730106
4.3846e-006,0.00580384
4.3848e-006,-0.00106552
4.385e-006,-0.00646851
4.3852e-006,-0.00497472
4.3854e-006,0.0019152
4.3856e-006,0.00724966
4.3858e-006,0.00570106
4.386e-006,-0.00117516
4.3862e-006,-0.00649934
4.3864e-006,-0.00492676
4.3866e-006,0.00196659
4.3868e-006,0.0072805
4.387e-006,0.00571819
4.3872e-006,-0.00113747
4.3874e-006,-0.00641712
4.3876e-006,-0.00476916
4.3878e-006,0.00222698
4.388e-006,0.00755116
4.3882e-006,0.00584153
4.3884e-006,-0.00127109
4.3886e-006,-0.00676658
4.3888e-006,-0.00519742
4.389e-006,0.0018364
4.3892e-006,0.00730791
4.3894e-006,0.00581755
4.3896e-006,-0.00108608
4.3898e-006,-0.0064411
4.39e-006,-0.0048411
4.3902e-006,0.00212077
4.3904e-006,0.00745866
4.3906e-006,0.00581069
4.3908e-006,-0.00117173
4.391e-006,-0.00653703
4.3912e-006,-0.00491648
4.3914e-006,0.00209336
4.3916e-006,0.00744153
4.3918e-006,0.00576958
4.392e-006,-0.00128479
4.3922e-006,-0.00671176
4.3924e-006,-0.00507065
4.3926e-006,0.00202141
4.3928e-006,0.00751348
4.393e-006,0.00598543
4.3932e-006,-0.000997
4.3934e-006,-0.00646166
4.3936e-006,-0.00494389
4.3938e-006,0.00195974
4.394e-006,0.00727707
4.3942e-006,0.00565309
4.3944e-006,-0.00134304
4.3946e-006,-0.00667065
4.3948e-006,-0.00495074
4.395e-006,0.00211391
4.3952e-006,0.00749977
4.3954e-006,0.00584153
4.3956e-006,-0.00119914
4.3958e-006,-0.00660555
4.396e-006,-0.00495759
4.3962e-006,0.00207623
4.3964e-006,0.00743467
4.3966e-006,0.00579699
4.3968e-006,-0.00117173
4.397e-006,-0.00656444
4.3972e-006,-0.0049713
4.3974e-006,0.00200085
4.3976e-006,0.00729078
4.3978e-006,0.00559142
4.398e-006,-0.00139443
4.3982e-006,-0.0066775
4.3984e-006,-0.00490277
4.3986e-006,0.00223725
4.3988e-006,0.0076608
4.399e-006,0.00601626
4.3992e-006,-0.00102784
4.3994e-006,-0.00648564
4.3996e-006,-0.00495759
4.3998e-006,0.0019289
4.4e-006,0.00720855
4.4002e-006,0.00559485
4.4004e-006,-0.00130192
4.4006e-006,-0.00654731
4.4008e-006,-0.00480684
4.401e-006,0.00217901
4.4012e-006,0.00740041
4.4014e-006,0.00563254
4.4016e-006,-0.00140471
4.4018e-006,-0.00670834
4.402e-006,-0.0049062
4.4022e-006,0.00226124
4.4024e-006,0.00767108
4.4026e-006,0.0059683
4.4028e-006,-0.00114432
4.403e-006,-0.00660555
4.4032e-006,-0.00500556
4.4034e-006,0.0019803
4.4036e-006,0.00731133
4.4038e-006,0.00564624
4.404e-006,-0.00132248
4.4042e-006,-0.00658157
4.4044e-006,-0.0048274
4.4046e-006,0.00222355
4.4048e-006,0.0075032
4.405e-006,0.00570791
4.4052e-006,-0.00136017
4.4054e-006,-0.00667408
4.4056e-006,-0.00494046
4.4058e-006,0.00213447
4.406e-006,0.00749634
4.4062e-006,0.00579014
4.4064e-006,-0.00125396
4.4066e-006,-0.00658157
4.4068e-006,-0.00484796
4.407e-006,0.00219272
4.4072e-006,0.00745523
4.4074e-006,0.00568393
4.4076e-006,-0.00135674
4.4078e-006,-0.00661926
4.408e-006,-0.00483768
4.4082e-006,0.00220299
4.4084e-006,0.00745181
4.4086e-006,0.00562568
4.4088e-006,-0.00144925
4.409e-006,-0.00668093
4.4092e-006,-0.00480342
4.4094e-006,0.00232291
4.4096e-006,0.007582
4.4098e-006,0.00577301
4.41e-006,-0.00132248
4.4102e-006,-0.00666037
4.4104e-006,-0.00488222
4.4106e-006,0.00216188
4.4108e-006,0.00737643
4.411e-006,0.00557087
4.4112e-006,-0.00147666
4.4114e-006,-0.00668435
4.4116e-006,-0.00477601
4.4118e-006,0.00234689
4.412e-006,0.00757172
4.4122e-006,0.00571819
4.4124e-006,-0.001391
4.4126e-006,-0.00675288
4.4128e-006,-0.00497815
4.413e-006,0.00214132
4.4132e-006,0.00745866
4.4134e-006,0.00572162
4.4136e-006,-0.00130535
4.4138e-006,-0.00658842
4.414e-006,-0.00478971
4.4142e-006,0.00227494
4.4144e-006,0.00753061
4.4146e-006,0.00572847
4.4148e-006,-0.00136702
4.415e-006,-0.00669121
4.4152e-006,-0.0048925
4.4154e-006,0.00220985
4.4156e-006,0.00745866
4.4158e-006,0.00564282
4.416e-006,-0.00145267
4.4162e-006,-0.00671519
4.4164e-006,-0.00485481
4.4166e-006,0.00227494
4.4168e-006,0.00754088
4.417e-006,0.00573532
4.4172e-006,-0.00128137
4.4174e-006,-0.0065062
4.4176e-006,-0.00471434
4.4178e-006,0.00227152
4.418e-006,0.00738671
4.4182e-006,0.00549207
4.4184e-006,-0.00157601
4.4186e-006,-0.00677001
4.4188e-006,-0.00481369
4.419e-006,0.00235717
4.4192e-006,0.00759913
4.4194e-006,0.00573875
4.4196e-006,-0.0013773
4.4198e-006,-0.00668093
4.42e-006,-0.0048274
4.4202e-006,0.00229892
4.4204e-006,0.00751005
4.4206e-006,0.00562226
4.4208e-006,-0.00149036
4.421e-006,-0.00671862
4.4212e-006,-0.00481369
4.4214e-006,0.00231948
4.4216e-006,0.00752718
4.4218e-006,0.00563254
4.422e-006,-0.00144582
4.4222e-006,-0.00664667
4.4224e-006,-0.00473147
4.4226e-006,0.00238115
4.4228e-006,0.00752718
4.423e-006,0.00561198
4.4232e-006,-0.00149036
4.4234e-006,-0.00674602
4.4236e-006,-0.00486851
4.4238e-006,0.00224753
4.424e-006,0.00746551
4.4242e-006,0.00562911
4.4244e-006,-0.00140471
4.4246e-006,-0.00660213
4.4248e-006,-0.00471434
4.425e-006,0.00236059
4.4252e-006,0.0075032
4.4254e-006,0.00555716
4.4256e-006,-0.00152805
4.4258e-006,-0.00669463
4.426e-006,-0.0047623
4.4262e-006,0.00233661
4.4264e-006,0.00748949
4.4266e-006,0.00556059
4.4268e-006,-0.00150064
4.427e-006,-0.00660555
4.4272e-006,-0.00462526
4.4274e-006,0.0024668
4.4276e-006,0.00753746
4.4278e-006,0.00549892
4.428e-006,-0.00167537
4.4282e-006,-0.00685566
4.4284e-006,-0.00483425
4.4286e-006,0.00235374
4.4288e-006,0.00755459
4.429e-006,0.00564967
4.4292e-006,-0.00143897
4.4294e-006,-0.00660555
4.4296e-006,-0.00467322
4.4298e-006,0.00238115
4.43e-006,0.00744495
4.4302e-006,0.0054441
4.4304e-006,-0.00162741
4.4306e-006,-0.00668778
4.4308e-006,-0.00465267
4.431e-006,0.00251134
4.4312e-006,0.00763682
4.4314e-006,0.00561883
4.4316e-006,-0.00153833
4.4318e-006,-0.00676316
4.432e-006,-0.00482397
4.4322e-006,0.00227152
4.4324e-006,0.00740727
4.4326e-006,0.00550234
4.4328e-006,-0.00153833
4.433e-006,-0.00665695
4.4332e-006,-0.00463554
4.4334e-006,0.00254561
4.4336e-006,0.00768478
4.4338e-006,0.00569078
4.434e-006,-0.00150064
4.4342e-006,-0.00674602
4.4344e-006,-0.00481369
4.4346e-006,0.00229207
4.4348e-006,0.00742097
4.435e-006,0.00548179
4.4352e-006,-0.00156231
4.4354e-006,-0.00666722
4.4356e-006,-0.00465267
4.4358e-006,0.00251134
4.436e-006,0.00761283
4.4362e-006,0.00555031
4.4364e-006,-0.00165139
4.4366e-006,-0.00685566
4.4368e-006,-0.0048274
4.437e-006,0.00240856
4.4372e-006,0.00761283
4.4374e-006,0.00572162
4.4376e-006,-0.00134989
4.4378e-006,-0.00657472
4.438e-006,-0.00469378
4.4382e-006,0.00233319
4.4384e-006,0.00741412
4.4386e-006,0.00547494
4.4388e-006,-0.00157944
4.439e-006,-0.00669121
4.4392e-006,-0.00469035
4.4394e-006,0.00242226
4.4396e-006,0.0075032
4.4398e-006,0.00546808
4.44e-006,-0.00167195
4.4402e-006,-0.00677001
4.4404e-006,-0.00469378
4.4406e-006,0.00249421
4.4408e-006,0.00762996
4.441e-006,0.00565652
4.4412e-006,-0.00144925
4.4414e-006,-0.00660898
4.4416e-006,-0.00463554
4.4418e-006,0.00247023
4.442e-006,0.00755116
4.4422e-006,0.00549549
4.4424e-006,-0.00166167
4.4426e-006,-0.00676658
4.4428e-006,-0.00469721
4.443e-006,0.00244967
4.4432e-006,0.0075169
4.4434e-006,0.00547151
4.4436e-006,-0.00164796
4.4438e-006,-0.00674602
4.444e-006,-0.0046698
4.4442e-006,0.00251477
4.4444e-006,0.00762654
4.4446e-006,0.00560855
4.4448e-006,-0.00151777
4.445e-006,-0.00665352
4.4452e-006,-0.00464924
4.4454e-006,0.00242569
4.4456e-006,0.0074381
4.4458e-006,0.00539613
4.446e-006,-0.00166509
4.4462e-006,-0.00668435
4.4464e-006,-0.00457387
4.4466e-006,0.00256274
4.4468e-006,0.00754774
4.447e-006,0.00542697
4.4472e-006,-0.0016925
4.4474e-006,-0.00669463
4.4476e-006,-0.00457729
4.4478e-006,0.0025182
4.448e-006,0.00749977
4.4482e-006,0.00542354
4.4484e-006,-0.00163768
4.4486e-006,-0.00667408
4.4488e-006,-0.00463554
4.449e-006,0.00242226
4.4492e-006,0.00745181
4.4494e-006,0.00549892
4.4496e-006,-0.0014561
4.4498e-006,-0.00651305
4.45e-006,-0.00465267
4.4502e-006,0.00223383
4.4504e-006,0.00727365
4.4506e-006,0.00552633
4.4508e-006,-0.00120599
4.451e-006,-0.00623896
4.4512e-006,-0.00469035
4.4514e-006,0.00170278
4.4516e-006,0.00650277
4.4518e-006,0.00516316
4.452e-006,-0.000654388
4.4522e-006,-0.00509464
4.4524e-006,-0.00395031
4.4526e-006,0.00139786
4.4528e-006,0.00551947
4.453e-006,0.00441627
4.4532e-006,-0.00058244
4.4534e-006,-0.00430663
4.4536e-006,-0.00306295
4.4538e-006,0.00158287
4.454e-006,0.00470406
4.4542e-006,0.00322398
4.4544e-006,-0.00100728
4.4546e-006,-0.00345353
4.4548e-006,-0.00178501
4.455e-006,0.00191863
4.4552e-006,0.0036865
4.4554e-006,0.00203511
4.4556e-006,-0.000949034
4.4558e-006,-0.00218586
4.456e-006,-0.000770876
4.4562e-006,0.00141156
4.4564e-006,0.00216531
4.4566e-006,0.00120599
4.4568e-006,-8.56529e-005
4.457e-006,-0.000465952
4.4572e-006,-1.37044e-005
4.4574e-006,0.000438543
4.4576e-006,0.000555031
4.4578e-006,0.000661241
4.458e-006,0.000887364
4.4582e-006,0.000856529
4.4584e-006,0.000274089
4.4586e-006,-0.000452247
4.4588e-006,-0.000486509
4.459e-006,0.000349464
4.4592e-006,0.00121627
4.4594e-006,0.00116145
4.4596e-006,0.000287794
4.4598e-006,-0.000328907
4.46e-006,-2.74089e-005
4.4602e-006,0.000764024
4.4604e-006,0.00111006
4.4606e-006,0.000647536
4.4608e-006,-1.02783e-005
4.461e-006,-0.000164454
4.4612e-006,0.000270663
4.4614e-006,0.000764024
4.4616e-006,0.000818842
4.4618e-006,0.000503639
4.462e-006,0.00022955
4.4622e-006,0.000219272
4.4624e-006,0.000263811
4.4626e-006,0.000208993
4.4628e-006,0.000243254
4.463e-006,0.000534474
4.4632e-006,0.000815416
4.4634e-006,0.000630406
4.4636e-006,3.42612e-005
4.4638e-006,-0.000277515
4.464e-006,0.000239828
4.4642e-006,0.00119914
4.4644e-006,0.00155203
4.4646e-006,0.000760598
4.4648e-006,-0.000486509
4.465e-006,-0.000894217
4.4652e-006,1.37045e-005
4.4654e-006,0.00129507
4.4656e-006,0.00156574
4.4658e-006,0.000489935
4.466e-006,-0.000774302
4.4662e-006,-0.000777729
4.4664e-006,0.000561883
4.4666e-006,0.00182955
4.4668e-006,0.00164796
4.467e-006,0.00016788
4.4672e-006,-0.00106895
4.4674e-006,-0.000774302
4.4676e-006,0.000743467
4.4678e-006,0.00190492
4.468e-006,0.0015349
4.4682e-006,4.79657e-005
4.4684e-006,-0.00102098
4.4686e-006,-0.000592718
4.4688e-006,0.000839399
4.469e-006,0.00175417
4.4692e-006,0.00123683
4.4694e-006,-0.00016788
4.4696e-006,-0.00103126
4.4698e-006,-0.000462526
4.47e-006,0.000955887
4.4702e-006,0.00182955
4.4704e-006,0.00131563
4.4706e-006,-8.22268e-005
4.4708e-006,-0.000955887
4.471e-006,-0.000441969
4.4712e-006,0.000914773
4.4714e-006,0.00176445
4.4716e-006,0.00124025
4.4718e-006,-0.000150749
4.472e-006,-0.00102098
4.4722e-006,-0.00052077
4.4724e-006,0.00082912
4.4726e-006,0.0016788
4.4728e-006,0.00122655
4.473e-006,3.42615e-006
4.4732e-006,-0.000781155
4.4734e-006,-0.000370021
4.4736e-006,0.000791433
4.4738e-006,0.00151434
4.474e-006,0.00110321
4.4742e-006,-1.71306e-005
4.4744e-006,-0.000698928
4.4746e-006,-0.000239828
4.4748e-006,0.000890791
4.475e-006,0.00155888
4.4752e-006,0.0010621
4.4754e-006,-9.93574e-005
4.4756e-006,-0.000726337
4.4758e-006,-0.000205567
4.476e-006,0.000921626
4.4762e-006,0.00148693
4.4764e-006,0.00093533
4.4766e-006,-0.000119914
4.4768e-006,-0.000613275
4.477e-006,-6.16701e-005
4.4772e-006,0.000907921
4.4774e-006,0.00125739
4.4776e-006,0.000733189
4.4778e-006,-8.56529e-005
4.478e-006,-0.000383725
4.4782e-006,0.000157601
4.4784e-006,0.00100043
4.4786e-006,0.00134304
4.4788e-006,0.000842825
4.479e-006,-3.0835e-005
4.4792e-006,-0.000431691
4.4794e-006,-5.48178e-005
4.4796e-006,0.000685223
4.4798e-006,0.00111349
4.48e-006,0.000832547
4.4802e-006,0.000113062
4.4804e-006,-0.000387151
4.4806e-006,-0.000154175
4.4808e-006,0.000637258
4.481e-006,0.00128137
4.4812e-006,0.00116488
4.4814e-006,0.000315203
4.4816e-006,-0.000489935
4.4818e-006,-0.000462526
4.482e-006,0.000448821
4.4822e-006,0.00136359
4.4824e-006,0.00136017
4.4826e-006,0.000435117
4.4828e-006,-0.000513918
4.483e-006,-0.0005379
4.4832e-006,0.000370021
4.4834e-006,0.00123683
4.4836e-006,0.00116488
4.4838e-006,0.000260385
4.484e-006,-0.000513918
4.4842e-006,-0.000270663
4.4844e-006,0.000798285
4.4846e-006,0.00156574
4.4848e-006,0.00118886
4.485e-006,3.42612e-005
4.4852e-006,-0.000736615
4.4854e-006,-0.000390577
4.4856e-006,0.000668093
4.4858e-006,0.00136702
4.486e-006,0.0010758
4.4862e-006,0.000164454
4.4864e-006,-0.000431691
4.4866e-006,-0.000178158
4.4868e-006,0.000561883
4.487e-006,0.00100385
4.4872e-006,0.000822268
4.4874e-006,0.00035289
4.4876e-006,0.000102784
4.4878e-006,0.000239828
4.488e-006,0.00052077
4.4882e-006,0.000637258
4.4884e-006,0.000531048
4.4886e-006,0.000332333
4.4888e-006,0.000222698
4.489e-006,0.000267237
4.4892e-006,0.000394004
4.4894e-006,0.000503639
4.4896e-006,0.000462526
4.4898e-006,0.000315203
4.49e-006,0.000212419
4.4902e-006,0.000222698
4.4904e-006,0.000417986
4.4906e-006,0.000685223
4.4908e-006,0.000801711
4.491e-006,0.000657815
4.4912e-006,0.000322055
4.4914e-006,7.19485e-005
4.4916e-006,0.000133619
4.4918e-006,0.000428265
4.492e-006,0.000626979
4.4922e-006,0.000496787
4.4924e-006,0.000171306
4.4926e-006,4.45396e-005
4.4928e-006,0.000315203
4.493e-006,0.00068865
4.4932e-006,0.000784581
4.4934e-006,0.0005379
4.4936e-006,0.000202141
4.4938e-006,0.000113062
4.494e-006,0.000328907
4.4942e-006,0.000609849
4.4944e-006,0.000664667
4.4946e-006,0.000452248
4.4948e-006,0.000219272
4.495e-006,0.000174732
4.4952e-006,0.00033576
4.4954e-006,0.000493361
4.4956e-006,0.000465952
4.4958e-006,0.000315203
4.496e-006,0.000215845
4.4962e-006,0.000304924
4.4964e-006,0.000510492
4.4966e-006,0.000630406
4.4968e-006,0.000609849
4.497e-006,0.000465952
4.4972e-006,0.000277516
4.4974e-006,0.000208993
4.4976e-006,0.000298072
4.4978e-006,0.000448821
4.498e-006,0.000531048
4.4982e-006,0.000479656
4.4984e-006,0.00039743
4.4986e-006,0.000383725
4.4988e-006,0.000435117
4.499e-006,0.000483083
4.4992e-006,0.000493361
4.4994e-006,0.000411134
4.4996e-006,0.000301498
4.4998e-006,0.000256959
4.5e-006,0.000332333
4.5002e-006,0.000465952
4.5004e-006,0.000507065
4.5006e-006,0.000411134
4.5008e-006,0.000232976
4.501e-006,0.000150749
4.5012e-006,0.000294646
4.5014e-006,0.000558457
4.5016e-006,0.000702354
4.5018e-006,0.000657815
4.502e-006,0.00047623
4.5022e-006,0.000332333
4.5024e-006,0.000339186
4.5026e-006,0.000417986
4.5028e-006,0.000452248
4.503e-006,0.000376873
4.5032e-006,0.000232976
4.5034e-006,0.000137045
4.5036e-006,0.000205567
4.5038e-006,0.000370021
4.504e-006,0.000483083
4.5042e-006,0.000493361
4.5044e-006,0.000428265
4.5046e-006,0.000394004
4.5048e-006,0.00047623
4.505e-006,0.000606423
4.5052e-006,0.000654388
4.5054e-006,0.000534474
4.5056e-006,0.000294646
4.5058e-006,0.000109636
4.506e-006,0.000133619
4.5062e-006,0.000311777
4.5064e-006,0.000507065
4.5066e-006,0.000551605
4.5068e-006,0.000390577
4.507e-006,0.000236402
4.5072e-006,0.000274089
4.5074e-006,0.000469378
4.5076e-006,0.000647536
4.5078e-006,0.000626979
4.508e-006,0.000407708
4.5082e-006,0.000219272
4.5084e-006,0.000274089
4.5086e-006,0.000500213
4.5088e-006,0.00064411
4.509e-006,0.000493361
4.5092e-006,0.000164454
4.5094e-006,2.05567e-005
4.5096e-006,0.000215845
4.5098e-006,0.000548179
4.51e-006,0.000698928
4.5102e-006,0.0005379
4.5104e-006,0.000253533
4.5106e-006,0.000154175
4.5108e-006,0.000394004
4.511e-006,0.000702354
4.5112e-006,0.000740041
4.5114e-006,0.000489935
4.5116e-006,0.000164454
4.5118e-006,6.16701e-005
4.512e-006,0.000250107
4.5122e-006,0.000510492
4.5124e-006,0.000551605
4.5126e-006,0.000376873
4.5128e-006,0.000219272
4.513e-006,0.000287794
4.5132e-006,0.000531048
4.5134e-006,0.000695502
4.5136e-006,0.000650962
4.5138e-006,0.000404282
4.514e-006,0.000191863
4.5142e-006,0.000208993
4.5144e-006,0.00039743
4.5146e-006,0.000555031
4.5148e-006,0.000534474
4.515e-006,0.000328907
4.5152e-006,0.000116488
4.5154e-006,0.000113062
4.5156e-006,0.00033576
4.5158e-006,0.00058244
4.516e-006,0.000647536
4.5162e-006,0.000510492
4.5164e-006,0.00033576
4.5166e-006,0.000318629
4.5168e-006,0.000462526
4.517e-006,0.000613275
4.5172e-006,0.000616701
4.5174e-006,0.000435117
4.5176e-006,0.000226124
4.5178e-006,0.000147323
4.518e-006,0.000270663
4.5182e-006,0.000448821
4.5184e-006,0.000462526
4.5186e-006,0.000284368
4.5188e-006,0.000133619
4.519e-006,0.00024668
4.5192e-006,0.000561883
4.5194e-006,0.000815416
4.5196e-006,0.000746894
4.5198e-006,0.000363168
4.52e-006,-2.39828e-005
4.5202e-006,-1.71306e-005
4.5204e-006,0.00035289
4.5206e-006,0.000698928
4.5208e-006,0.000740041
4.521e-006,0.000517344
4.5212e-006,0.00024668
4.5214e-006,0.000191863
4.5216e-006,0.000407708
4.5218e-006,0.000616701
4.522e-006,0.000592718
4.5222e-006,0.00033576
4.5224e-006,9.59313e-005
4.5226e-006,0.000119914
4.5228e-006,0.000394004
4.523e-006,0.00064411
4.5232e-006,0.000613275
4.5234e-006,0.000383725
4.5236e-006,0.000195289
4.5238e-006,0.000260385
4.524e-006,0.000531048
4.5242e-006,0.000764024
4.5244e-006,0.000719485
4.5246e-006,0.000387151
4.5248e-006,5.48179e-005
4.525e-006,2.05567e-005
4.5252e-006,0.000322055
4.5254e-006,0.000664667
4.5256e-006,0.000716059
4.5258e-006,0.000424839
4.526e-006,8.5653e-005
4.5262e-006,2.05567e-005
4.5264e-006,0.000280942
4.5266e-006,0.000633832
4.5268e-006,0.000801711
4.527e-006,0.000637258
4.5272e-006,0.00029122
4.5274e-006,0.000133619
4.5276e-006,0.000318629
4.5278e-006,0.000647536
4.528e-006,0.000798285
4.5282e-006,0.000596144
4.5284e-006,0.000130192
4.5286e-006,-0.000195289
4.5288e-006,-3.42611e-005
4.529e-006,0.000496787
4.5292e-006,0.000921626
4.5294e-006,0.000853103
4.5296e-006,0.000380299
4.5298e-006,-2.39828e-005
4.53e-006,4.45396e-005
4.5302e-006,0.00052077
4.5304e-006,0.000907921
4.5306e-006,0.000760598
4.5308e-006,0.000157601
4.531e-006,-0.000274089
4.5312e-006,-4.11134e-005
4.5314e-006,0.000664667
4.5316e-006,0.00116145
4.5318e-006,0.000962739
4.532e-006,0.000250107
4.5322e-006,-0.000284368
4.5324e-006,-0.000119914
4.5326e-006,0.000555031
4.5328e-006,0.00105524
4.533e-006,0.000849677
4.5332e-006,0.000154175
4.5334e-006,-0.000311777
4.5336e-006,-5.8244e-005
4.5338e-006,0.000681797
4.534e-006,0.00116145
4.5342e-006,0.000914773
4.5344e-006,0.000205567
4.5346e-006,-0.000263811
4.5348e-006,1.02784e-005
4.535e-006,0.000736615
4.5352e-006,0.00112719
4.5354e-006,0.000740041
4.5356e-006,-9.93574e-005
4.5358e-006,-0.000541326
4.536e-006,-8.56529e-005
4.5362e-006,0.00082912
4.5364e-006,0.00134304
4.5366e-006,0.000969591
4.5368e-006,6.16701e-005
4.537e-006,-0.00047623
4.5372e-006,-8.9079e-005
4.5374e-006,0.000798285
4.5376e-006,0.00131906
4.5378e-006,0.00100728
4.538e-006,0.000140471
4.5382e-006,-0.000411134
4.5384e-006,-0.000119914
4.5386e-006,0.000664667
4.5388e-006,0.0011409
4.539e-006,0.000794859
4.5392e-006,-3.76873e-005
4.5394e-006,-0.00052077
4.5396e-006,-0.000113062
4.5398e-006,0.000777729
4.54e-006,0.00124711
4.5402e-006,0.000859955
4.5404e-006,3.76873e-005
4.5406e-006,-0.000363168
4.5408e-006,8.5653e-005
4.541e-006,0.00097987
4.5412e-006,0.00139786
4.5414e-006,0.000870234
4.5416e-006,-0.000143897
4.5418e-006,-0.000695502
4.542e-006,-0.00024668
4.5422e-006,0.000753746
4.5424e-006,0.00135674
4.5426e-006,0.000993574
4.5428e-006,5.48179e-005
4.543e-006,-0.000531048
4.5432e-006,-0.000215845
4.5434e-006,0.000685223
4.5436e-006,0.00129165
4.5438e-006,0.00101756
4.544e-006,0.000161028
4.5442e-006,-0.000376873
4.5444e-006,-3.42611e-005
4.5446e-006,0.000808564
4.5448e-006,0.00127109
4.545e-006,0.000815416
4.5452e-006,-0.000126766
4.5454e-006,-0.000606423
4.5456e-006,-0.000137045
4.5458e-006,0.000846251
4.546e-006,0.00138073
4.5462e-006,0.000949035
4.5464e-006,3.42615e-006
4.5466e-006,-0.000483083
4.5468e-006,-1.37044e-005
4.547e-006,0.000928478
4.5472e-006,0.00141841
4.5474e-006,0.000942182
4.5476e-006,-6.50962e-005
4.5478e-006,-0.000623553
4.548e-006,-0.00018501
4.5482e-006,0.000774303
4.5484e-006,0.00128822
4.5486e-006,0.000877086
4.5488e-006,-1.37044e-005
4.549e-006,-0.000462526
4.5492e-006,-3.42609e-006
4.5494e-006,0.000870234
4.5496e-006,0.00130192
4.5498e-006,0.000866808
4.55e-006,-6.8522e-006
4.5502e-006,-0.000421412
4.5504e-006,3.42612e-005
4.5506e-006,0.000897643
4.5508e-006,0.00124711
4.551e-006,0.000733189
4.5512e-006,-0.000126766
4.5514e-006,-0.000507065
4.5516e-006,3.42612e-005
4.5518e-006,0.000966165
4.552e-006,0.00133961
4.5522e-006,0.000808564
4.5524e-006,-0.000147323
4.5526e-006,-0.000579014
4.5528e-006,-5.13917e-005
4.553e-006,0.000907921
4.5532e-006,0.00137045
4.5534e-006,0.00087366
4.5536e-006,-8.56529e-005
4.5538e-006,-0.000524196
4.554e-006,-3.42611e-005
4.5542e-006,0.000887364
4.5544e-006,0.00136702
4.5546e-006,0.000894217
4.5548e-006,-0.000119914
4.555e-006,-0.000668093
4.5552e-006,-0.000202141
4.5554e-006,0.000849677
4.5556e-006,0.0014424
4.5558e-006,0.000986722
4.556e-006,-2.74089e-005
4.5562e-006,-0.000623553
4.5564e-006,-0.000219271
4.5566e-006,0.000781155
4.5568e-006,0.00134989
4.557e-006,0.000925052
4.5572e-006,-5.8244e-005
4.5574e-006,-0.000592718
4.5576e-006,-0.000102783
4.5578e-006,0.000962739
4.558e-006,0.00154861
4.5582e-006,0.0010621
4.5584e-006,-3.76873e-005
4.5586e-006,-0.000657814
4.5588e-006,-0.000191863
4.559e-006,0.000849677
4.5592e-006,0.00141841
4.5594e-006,0.00093533
4.5596e-006,-0.000140471
4.5598e-006,-0.000743467
4.56e-006,-0.000253533
4.5602e-006,0.00082912
4.5604e-006,0.001391
4.5606e-006,0.000925052
4.5608e-006,-3.42611e-005
4.561e-006,-0.000489935
4.5612e-006,0.00010621
4.5614e-006,0.00116145
4.5616e-006,0.00158972
4.5618e-006,0.000942182
4.562e-006,-0.000215845
4.5622e-006,-0.000781155
4.5624e-006,-0.000205567
4.5626e-006,0.000901069
4.5628e-006,0.0014424
4.563e-006,0.000877086
4.5632e-006,-0.000250107
4.5634e-006,-0.000808564
4.5636e-006,-0.000222698
4.5638e-006,0.000962739
4.564e-006,0.00158629
4.5642e-006,0.00108265
4.5644e-006,4.11134e-005
4.5646e-006,-0.00047623
4.5648e-006,2.05567e-005
4.565e-006,0.00100728
4.5652e-006,0.00144925
4.5654e-006,0.000832547
4.5656e-006,-0.000277515
4.5658e-006,-0.000794859
4.566e-006,-0.000202141
4.5662e-006,0.000877086
4.5664e-006,0.001391
4.5666e-006,0.000842825
4.5668e-006,-0.000195289
4.567e-006,-0.000630406
4.5672e-006,3.42612e-005
4.5674e-006,0.00117516
4.5676e-006,0.0016788
4.5678e-006,0.00102441
4.568e-006,-0.000208993
4.5682e-006,-0.000832546
4.5684e-006,-0.000284368
4.5686e-006,0.000846251
4.5688e-006,0.00148693
4.569e-006,0.00104154
4.5692e-006,6.85227e-006
4.5694e-006,-0.000575588
4.5696e-006,-0.000119914
4.5698e-006,0.000859955
4.57e-006,0.00130535
4.5702e-006,0.000740041
4.5704e-006,-0.000280942
4.5706e-006,-0.000664667
4.5708e-006,1.71306e-005
4.571e-006,0.00112377
4.5712e-006,0.00162398
4.5714e-006,0.00100043
4.5716e-006,-0.000164454
4.5718e-006,-0.000709206
4.572e-006,-0.000116488
4.5722e-006,0.000969591
4.5724e-006,0.00145267
4.5726e-006,0.000842825
4.5728e-006,-0.000274089
4.573e-006,-0.000760598
4.5732e-006,-0.000130192
4.5734e-006,0.000990148
4.5736e-006,0.00151777
4.5738e-006,0.000959313
4.574e-006,-0.000116488
4.5742e-006,-0.00064411
4.5744e-006,-7.88007e-005
4.5746e-006,0.000962739
4.5748e-006,0.00143212
4.575e-006,0.000849677
4.5752e-006,-0.000236402
4.5754e-006,-0.00068865
4.5756e-006,-4.11134e-005
4.5758e-006,0.00108608
4.576e-006,0.00157259
4.5762e-006,0.000942182
4.5764e-006,-0.000198715
4.5766e-006,-0.000764024
4.5768e-006,-0.000191863
4.577e-006,0.000921626
4.5772e-006,0.00149379
4.5774e-006,0.000983296
4.5776e-006,-6.16701e-005
4.5778e-006,-0.000572162
4.578e-006,-4.45395e-005
4.5782e-006,0.000973017
4.5784e-006,0.00142184
4.5786e-006,0.000808564
4.5788e-006,-0.000294646
4.579e-006,-0.000784581
4.5792e-006,-0.000143897
4.5794e-006,0.00101413
4.5796e-006,0.00157259
4.5798e-006,0.00102098
4.58e-006,-8.56529e-005
4.5802e-006,-0.00064411
4.5804e-006,-0.000116488
4.5806e-006,0.000952461
4.5808e-006,0.00150064
4.581e-006,0.000945608
4.5812e-006,-0.000147323
4.5814e-006,-0.00068865
4.5816e-006,-0.000147323
4.5818e-006,0.000918199
4.582e-006,0.00145953
4.5822e-006,0.000966165
4.5824e-006,-0.000116488
4.5826e-006,-0.000692076
4.5828e-006,-0.00016788
4.583e-006,0.000883938
4.5832e-006,0.001391
4.5834e-006,0.000835973
4.5836e-006,-0.000215845
4.5838e-006,-0.000681797
4.584e-006,-3.0835e-005
4.5842e-006,0.00114432
4.5844e-006,0.00170621
4.5846e-006,0.00110664
4.5848e-006,-7.19484e-005
4.585e-006,-0.000709206
4.5852e-006,-0.000243254
4.5854e-006,0.000808564
4.5856e-006,0.00134646
4.5858e-006,0.000798285
4.586e-006,-0.000284368
4.5862e-006,-0.000770876
4.5864e-006,-0.000143897
4.5866e-006,0.00100385
4.5868e-006,0.00160685
4.587e-006,0.00106895
4.5872e-006,-7.88007e-005
4.5874e-006,-0.000657814
4.5876e-006,-0.000130192
4.5878e-006,0.000949035
4.588e-006,0.00149721
4.5882e-006,0.000942182
4.5884e-006,-0.000202141
4.5886e-006,-0.000788007
4.5888e-006,-0.000191863
4.589e-006,0.000955887
4.5892e-006,0.00150064
4.5894e-006,0.000931904
4.5896e-006,-0.000161027
4.5898e-006,-0.000702354
4.59e-006,-0.000133619
4.5902e-006,0.00100043
4.5904e-006,0.00154861
4.5906e-006,0.000959313
4.5908e-006,-0.000198715
4.591e-006,-0.000784581
4.5912e-006,-0.000195289
4.5914e-006,0.000997
4.5916e-006,0.00161028
4.5918e-006,0.00104497
4.592e-006,-0.000116488
4.5922e-006,-0.000743467
4.5924e-006,-0.000253533
4.5926e-006,0.000825694
4.5928e-006,0.00140813
4.593e-006,0.000921626
4.5932e-006,-0.000140471
4.5934e-006,-0.000650962
4.5936e-006,-6.85223e-005
4.5938e-006,0.00104497
4.594e-006,0.00157944
4.5942e-006,0.000976443
4.5944e-006,-0.000191863
4.5946e-006,-0.000788007
4.5948e-006,-0.000202141
4.595e-006,0.000949035
4.5952e-006,0.0015349
4.5954e-006,0.00100728
4.5956e-006,-0.000143897
4.5958e-006,-0.000757172
4.596e-006,-0.000181584
4.5962e-006,0.000966165
4.5964e-006,0.0015212
4.5966e-006,0.000942182
4.5968e-006,-0.000198715
4.597e-006,-0.00075032
4.5972e-006,-0.00016788
4.5974e-006,0.00100043
4.5976e-006,0.00160685
4.5978e-006,0.00104497
4.598e-006,-0.000119914
4.5982e-006,-0.000726337
4.5984e-006,-0.000195289
4.5986e-006,0.000925052
4.5988e-006,0.00150407
4.599e-006,0.000942182
4.5992e-006,-0.000205567
4.5994e-006,-0.000798285
4.5996e-006,-0.00024668
4.5998e-006,0.000897643
4.6e-006,0.0015212
4.6002e-006,0.00101756
4.6004e-006,-5.8244e-005
4.6006e-006,-0.000606423
4.6008e-006,-7.53745e-005
4.601e-006,0.00102441
4.6012e-006,0.00154861
4.6014e-006,0.000962739
4.6016e-006,-0.000188436
4.6018e-006,-0.00076745
4.602e-006,-0.000202141
4.6022e-006,0.000904495
4.6024e-006,0.00143897
4.6026e-006,0.000863382
4.6028e-006,-0.00024668
4.603e-006,-0.000760598
4.6032e-006,-0.000116488
4.6034e-006,0.00110321
4.6036e-006,0.00169935
4.6038e-006,0.0010758
4.604e-006,-0.000140471
4.6042e-006,-0.000764024
4.6044e-006,-0.000188436
4.6046e-006,0.000973017
4.6048e-006,0.00158629
4.605e-006,0.00105524
4.6052e-006,-0.000143897
4.6054e-006,-0.000788007
4.6056e-006,-0.000277515
4.6058e-006,0.000808564
4.606e-006,0.00140471
4.6062e-006,0.000938756
4.6064e-006,-0.000143897
4.6066e-006,-0.00070578
4.6068e-006,-0.000130192
4.607e-006,0.00102784
4.6072e-006,0.00162055
4.6074e-006,0.00105182
4.6076e-006,-0.000140471
4.6078e-006,-0.00075032
4.608e-006,-0.000195289
4.6082e-006,0.000938756
4.6084e-006,0.00152805
4.6086e-006,0.00100385
4.6088e-006,-0.000130192
4.609e-006,-0.000760598
4.6092e-006,-0.00024668
4.6094e-006,0.000859955
4.6096e-006,0.00148008
4.6098e-006,0.00102098
4.61e-006,-4.45395e-005
4.6102e-006,-0.000613275
4.6104e-006,-0.000102783
4.6106e-006,0.000928478
4.6108e-006,0.00142184
4.611e-006,0.000839399
4.6112e-006,-0.000256959
4.6114e-006,-0.000733189
4.6116e-006,-6.85223e-005
4.6118e-006,0.00112719
4.612e-006,0.00167195
4.6122e-006,0.000986722
4.6124e-006,-0.000280942
4.6126e-006,-0.000887364
4.6128e-006,-0.000260385
4.613e-006,0.000976443
4.6132e-006,0.00165824
4.6134e-006,0.0011546
4.6136e-006,-3.42611e-005
4.6138e-006,-0.000722911
4.614e-006,-0.00024668
4.6142e-006,0.000870234
4.6144e-006,0.0014698
4.6146e-006,0.00093533
4.6148e-006,-0.000178158
4.615e-006,-0.000726337
4.6152e-006,-0.000140471
4.6154e-006,0.000990148
4.6156e-006,0.00153147
4.6158e-006,0.000945608
4.616e-006,-0.00018501
4.6162e-006,-0.000698928
4.6164e-006,-5.8244e-005
4.6166e-006,0.00109978
4.6168e-006,0.00162741
4.617e-006,0.000986722
4.6172e-006,-0.000250107
4.6174e-006,-0.000877086
4.6176e-006,-0.000270663
4.6178e-006,0.000966165
4.618e-006,0.00161713
4.6182e-006,0.00105182
4.6184e-006,-0.000133619
4.6186e-006,-0.000774302
4.6188e-006,-0.000250107
4.619e-006,0.000901069
4.6192e-006,0.00150407
4.6194e-006,0.000990148
4.6196e-006,-8.56529e-005
4.6198e-006,-0.00059957
4.62e-006,-3.0835e-005
4.6202e-006,0.00103811
4.6204e-006,0.00151777
4.6206e-006,0.000835973
4.6208e-006,-0.000359742
4.621e-006,-0.000859955
4.6212e-006,-0.000116488
4.6214e-006,0.0011409
4.6216e-006,0.0016788
4.6218e-006,0.000993574
4.622e-006,-0.000267237
4.6222e-006,-0.000853103
4.6224e-006,-0.000198715
4.6226e-006,0.00103811
4.6228e-006,0.00164111
4.623e-006,0.00101413
4.6232e-006,-0.000208993
4.6234e-006,-0.000832546
4.6236e-006,-0.00022955
4.6238e-006,0.000983296
4.624e-006,0.00162055
4.6242e-006,0.0010621
4.6244e-006,-0.000137045
4.6246e-006,-0.000774302
4.6248e-006,-0.00022955
4.625e-006,0.000921626
4.6252e-006,0.00151434
4.6254e-006,0.000983296
4.6256e-006,-0.00012334
4.6258e-006,-0.000674945
4.626e-006,-8.9079e-005
4.6262e-006,0.00103469
4.6264e-006,0.00153147
4.6266e-006,0.000863382
4.6268e-006,-0.000318629
4.627e-006,-0.000818842
4.6272e-006,-0.000143897
4.6274e-006,0.00102098
4.6276e-006,0.00155888
4.6278e-006,0.000973017
4.628e-006,-0.000133619
4.6282e-006,-0.000657814
4.6284e-006,-6.16701e-005
4.6286e-006,0.00104497
4.6288e-006,0.0015349
4.629e-006,0.000901069
4.6292e-006,-0.000280942
4.6294e-006,-0.000839399
4.6296e-006,-0.000205567
4.6298e-006,0.000993574
4.63e-006,0.00158629
4.6302e-006,0.00100385
4.6304e-006,-0.000161027
4.6306e-006,-0.000743467
4.6308e-006,-0.000174732
4.631e-006,0.000945608
4.6312e-006,0.00148693
4.6314e-006,0.000918199
4.6316e-006,-0.000181584
4.6318e-006,-0.000712632
4.632e-006,-0.000130192
4.6322e-006,0.000986722
4.6324e-006,0.00153147
4.6326e-006,0.000928478
4.6328e-006,-0.000222698
4.633e-006,-0.00075032
4.6332e-006,-0.000126766
4.6334e-006,0.00106552
4.6336e-006,0.00164454
4.6338e-006,0.00103126
4.634e-006,-0.00016788
4.6342e-006,-0.000770876
4.6344e-006,-0.000219271
4.6346e-006,0.000890791
4.6348e-006,0.00143554
4.635e-006,0.000877086
4.6352e-006,-0.000219271
4.6354e-006,-0.000736615
4.6356e-006,-0.000126766
4.6358e-006,0.00103469
4.636e-006,0.00162055
4.6362e-006,0.00104154
4.6364e-006,-0.000102783
4.6366e-006,-0.000654388
4.6368e-006,-9.59313e-005
4.637e-006,0.000997
4.6372e-006,0.00149721
4.6374e-006,0.000904495
4.6376e-006,-0.000222698
4.6378e-006,-0.000757172
4.638e-006,-0.000143897
4.6382e-006,0.000966165
4.6384e-006,0.0014561
4.6386e-006,0.00081199
4.6388e-006,-0.000339186
4.639e-006,-0.000835973
4.6392e-006,-0.000133619
4.6394e-006,0.00109978
4.6396e-006,0.00168222
4.6398e-006,0.00110321
4.64e-006,-7.53745e-005
4.6402e-006,-0.000685223
4.6404e-006,-0.00012334
4.6406e-006,0.000997
4.6408e-006,0.0015212
4.641e-006,0.000918199
4.6412e-006,-0.000226124
4.6414e-006,-0.000788007
4.6416e-006,-0.000222698
4.6418e-006,0.000863382
4.642e-006,0.00138415
4.6422e-006,0.00081199
4.6424e-006,-0.000270663
4.6426e-006,-0.000692076
4.6428e-006,2.7409e-005
4.643e-006,0.00121285
4.6432e-006,0.00172334
4.6434e-006,0.00106895
4.6436e-006,-0.000116488
4.6438e-006,-0.000719485
4.644e-006,-0.000191863
4.6442e-006,0.000890791
4.6444e-006,0.0013773
4.6446e-006,0.000781155
4.6448e-006,-0.000304924
4.645e-006,-0.000774302
4.6452e-006,-0.000119914
4.6454e-006,0.00104497
4.6456e-006,0.00158972
4.6458e-006,0.000969591
4.646e-006,-0.000215845
4.6462e-006,-0.000770876
4.6464e-006,-0.000140471
4.6466e-006,0.00104154
4.6468e-006,0.00163426
4.647e-006,0.00103811
4.6472e-006,-0.000143897
4.6474e-006,-0.000709206
4.6476e-006,-0.000116488
4.6478e-006,0.000976443
4.648e-006,0.00143554
4.6482e-006,0.000764024
4.6484e-006,-0.00039743
4.6486e-006,-0.000870234
4.6488e-006,-0.000154175
4.649e-006,0.00109978
4.6492e-006,0.00170621
4.6494e-006,0.00108951
4.6496e-006,-0.000116488
4.6498e-006,-0.00070578
4.65e-006,-0.000154175
4.6502e-006,0.000945608
4.6504e-006,0.00149036
4.6506e-006,0.000938756
4.6508e-006,-0.000161027
4.651e-006,-0.000702354
4.6512e-006,-0.000119914
4.6514e-006,0.000990148
4.6516e-006,0.00146295
4.6518e-006,0.000818842
4.652e-006,-0.000280942
4.6522e-006,-0.000719485
4.6524e-006,-3.42609e-006
4.6526e-006,0.00115118
4.6528e-006,0.00162741
4.653e-006,0.000949035
4.6532e-006,-0.000253533
4.6534e-006,-0.000791433
4.6536e-006,-0.000154175
4.6538e-006,0.00103126
4.654e-006,0.00159657
4.6542e-006,0.000993574
4.6544e-006,-0.000205567
4.6546e-006,-0.00082912
4.6548e-006,-0.000250107
4.655e-006,0.000945608
4.6552e-006,0.00155546
4.6554e-006,0.00102784
4.6556e-006,-6.16701e-005
4.6558e-006,-0.00059957
4.656e-006,-2.05567e-005
4.6562e-006,0.0010758
4.6564e-006,0.00155546
4.6566e-006,0.000880512
4.6568e-006,-0.000339186
4.657e-006,-0.000918199
4.6572e-006,-0.000274089
4.6574e-006,0.000959313
4.6576e-006,0.00158629
4.6578e-006,0.00105867
4.658e-006,-3.76873e-005
4.6582e-006,-0.00058244
4.6584e-006,-5.8244e-005
4.6586e-006,0.000938756
4.6588e-006,0.001391
4.659e-006,0.000846251
4.6592e-006,-0.000147323
4.6594e-006,-0.000602997
4.6596e-006,-8.9079e-005
4.6598e-006,0.000846251
4.66e-006,0.0012334
4.6602e-006,0.000712632
4.6604e-006,-0.000126766
4.6606e-006,-0.000376873
4.6608e-006,0.000270663
4.661e-006,0.00113404
4.6612e-006,0.00129165
4.6614e-006,0.0005379
4.6616e-006,-0.000370021
4.6618e-006,-0.000500213
4.662e-006,0.000256959
4.6622e-006,0.00109636
4.6624e-006,0.00116488
4.6626e-006,0.000455674
4.6628e-006,-0.000239828
4.663e-006,-0.000222698
4.6632e-006,0.000435117
4.6634e-006,0.000986722
4.6636e-006,0.000866808
4.6638e-006,0.000243254
4.664e-006,-0.000212419
4.6642e-006,-3.0835e-005
4.6644e-006,0.000561883
4.6646e-006,0.000918199
4.6648e-006,0.000709206
4.665e-006,0.000222698
4.6652e-006,-3.0835e-005
4.6654e-006,0.000164454
4.6656e-006,0.000561883
4.6658e-006,0.000770876
4.666e-006,0.00064411
4.6662e-006,0.000349464
4.6664e-006,0.000198715
4.6666e-006,0.000311777
4.6668e-006,0.00058244
4.667e-006,0.000702354
4.6672e-006,0.000500213
4.6674e-006,0.00016788
4.6676e-006,-2.39828e-005
4.6678e-006,7.88007e-005
4.668e-006,0.00041456
4.6682e-006,0.000678371
4.6684e-006,0.000695502
4.6686e-006,0.000503639
4.6688e-006,0.000301498
4.669e-006,0.000308351
4.6692e-006,0.000510492
4.6694e-006,0.000685223
4.6696e-006,0.000620127
4.6698e-006,0.000342612
4.67e-006,7.19485e-005
4.6702e-006,6.85224e-005
4.6704e-006,0.00033576
4.6706e-006,0.000585866
4.6708e-006,0.000561883
4.671e-006,0.000263811
4.6712e-006,-1.37044e-005
4.6714e-006,6.50963e-005
4.6716e-006,0.000486509
4.6718e-006,0.000866808
4.672e-006,0.000897643
4.6722e-006,0.000592718
4.6724e-006,0.000232976
4.6726e-006,0.000161028
4.6728e-006,0.000394004
4.673e-006,0.000633832
4.6732e-006,0.000613275
4.6734e-006,0.000294646
4.6736e-006,1.37045e-005
4.6738e-006,7.53746e-005
4.674e-006,0.000411134
4.6742e-006,0.000685223
4.6744e-006,0.000623553
4.6746e-006,0.000298072
4.6748e-006,3.08351e-005
4.675e-006,0.000102784
4.6752e-006,0.000472804
4.6754e-006,0.000805138
4.6756e-006,0.000770876
4.6758e-006,0.000431691
4.676e-006,0.000130192
4.6762e-006,0.000137045
4.6764e-006,0.000435117
4.6766e-006,0.00068865
4.6768e-006,0.000650962
4.677e-006,0.000380299
4.6772e-006,0.000116488
4.6774e-006,0.000116488
4.6776e-006,0.000342612
4.6778e-006,0.000575588
4.678e-006,0.000534474
4.6782e-006,0.000267237
4.6784e-006,7.53746e-005
4.6786e-006,0.00016788
4.6788e-006,0.000507065
4.679e-006,0.000798285
4.6792e-006,0.000808564
4.6794e-006,0.000513918
4.6796e-006,0.000178158
4.6798e-006,8.90791e-005
4.68e-006,0.00033576
4.6802e-006,0.000640684
4.6804e-006,0.000674945
4.6806e-006,0.000417986
4.6808e-006,8.5653e-005
4.681e-006,3.76873e-005
4.6812e-006,0.000328907
4.6814e-006,0.000630406
4.6816e-006,0.000657815
4.6818e-006,0.000407708
4.682e-006,0.000140471
4.6822e-006,0.00012334
4.6824e-006,0.00039743
4.6826e-006,0.000674945
4.6828e-006,0.000664667
4.683e-006,0.00039743
4.6832e-006,9.59313e-005
4.6834e-006,9.93574e-005
4.6836e-006,0.000428265
4.6838e-006,0.000777729
4.684e-006,0.000863382
4.6842e-006,0.000555031
4.6844e-006,0.000143897
4.6846e-006,2.7409e-005
4.6848e-006,0.000301498
4.685e-006,0.000661241
4.6852e-006,0.000743467
4.6854e-006,0.000493361
4.6856e-006,8.5653e-005
4.6858e-006,-8.56529e-005
4.686e-006,0.000130192
4.6862e-006,0.000472804
4.6864e-006,0.000647536
4.6866e-006,0.000507065
4.6868e-006,0.000267237
4.687e-006,0.000274089
4.6872e-006,0.000551605
4.6874e-006,0.000818842
4.6876e-006,0.000760598
4.6878e-006,0.000373447
4.688e-006,-6.8522e-006
4.6882e-006,-4.79656e-005
4.6884e-006,0.000256959
4.6886e-006,0.000558457
4.6888e-006,0.000568735
4.689e-006,0.000304924
4.6892e-006,7.19485e-005
4.6894e-006,0.000181584
4.6896e-006,0.000565309
4.6898e-006,0.000846251
4.69e-006,0.000760598
4.6902e-006,0.000411134
4.6904e-006,7.53746e-005
4.6906e-006,5.8244e-005
4.6908e-006,0.00033576
4.691e-006,0.000575588
4.6912e-006,0.000606423
4.6914e-006,0.000472804
4.6916e-006,0.000356316
4.6918e-006,0.000376873
4.692e-006,0.000445395
4.6922e-006,0.000445395
4.6924e-006,0.000363168
4.6926e-006,0.00022955
4.6928e-006,0.000191863
4.693e-006,0.000332333
4.6932e-006,0.00052077
4.6934e-006,0.000596144
4.6936e-006,0.000548179
4.6938e-006,0.000483083
4.694e-006,0.000376873
4.6942e-006,0.000332333
4.6944e-006,0.000390577
4.6946e-006,0.000452248
4.6948e-006,0.000445395
4.695e-006,0.00033576
4.6952e-006,0.000188436
4.6954e-006,0.000157601
4.6956e-006,0.000311777
4.6958e-006,0.000544753
4.696e-006,0.000678371
4.6962e-006,0.000616701
4.6964e-006,0.000428265
4.6966e-006,0.000284368
4.6968e-006,0.000311777
4.697e-006,0.000445395
4.6972e-006,0.000524196
4.6974e-006,0.000441969
4.6976e-006,0.000260385
4.6978e-006,0.000195289
4.698e-006,0.000325481
4.6982e-006,0.000534474
4.6984e-006,0.00064411
4.6986e-006,0.0005379
4.6988e-006,0.000315203
4.699e-006,0.000208993
4.6992e-006,0.000298072
4.6994e-006,0.00047623
4.6996e-006,0.000558457
4.6998e-006,0.000438543
4.7e-006,0.000250107
4.7002e-006,0.000208993
4.7004e-006,0.000370021
4.7006e-006,0.000609849
4.7008e-006,0.000692076
4.701e-006,0.000524196
4.7012e-006,0.00024668
4.7014e-006,9.93574e-005
4.7016e-006,0.000202141
4.7018e-006,0.000435117
4.702e-006,0.000592718
4.7022e-006,0.000534474
4.7024e-006,0.000346038
4.7026e-006,0.000270663
4.7028e-006,0.000400856
4.703e-006,0.000565309
4.7032e-006,0.000572162
4.7034e-006,0.000407708
4.7036e-006,0.000212419
4.7038e-006,0.000164454
4.704e-006,0.000315203
4.7042e-006,0.000524196
4.7044e-006,0.000609849
4.7046e-006,0.000500213
4.7048e-006,0.000346038
4.705e-006,0.000346038
4.7052e-006,0.000489935
4.7054e-006,0.000637258
4.7056e-006,0.000640684
4.7058e-006,0.000445395
4.706e-006,0.000164454
4.7062e-006,5.48179e-005
4.7064e-006,0.000181584
4.7066e-006,0.000380299
4.7068e-006,0.000555031
4.707e-006,0.000572162
4.7072e-006,0.000448821
4.7074e-006,0.000380299
4.7076e-006,0.000428265
4.7078e-006,0.000496787
4.708e-006,0.000455674
4.7082e-006,0.000322055
4.7084e-006,0.000202141
4.7086e-006,0.000263811
4.7088e-006,0.000524196
4.709e-006,0.000733189
4.7092e-006,0.00070578
4.7094e-006,0.000452248
4.7096e-006,0.000133619
4.7098e-006,2.39829e-005
4.71e-006,0.000215845
4.7102e-006,0.000493361
4.7104e-006,0.000599571
4.7106e-006,0.0004591
4.7108e-006,0.000212419
4.711e-006,0.000161028
4.7112e-006,0.000356316
4.7114e-006,0.000596144
4.7116e-006,0.000657815
4.7118e-006,0.000507065
4.712e-006,0.000304924
4.7122e-006,0.000256959
4.7124e-006,0.000417986
4.7126e-006,0.000579014
4.7128e-006,0.000558457
4.713e-006,0.000339186
4.7132e-006,0.000119914
4.7134e-006,0.000126766
4.7136e-006,0.000366595
4.7138e-006,0.000626979
4.714e-006,0.000640684
4.7142e-006,0.00041456
4.7144e-006,0.000178158
4.7146e-006,0.000157601
4.7148e-006,0.000339186
4.715e-006,0.000541327
4.7152e-006,0.000596144
4.7154e-006,0.0004591
4.7156e-006,0.000304924
4.7158e-006,0.000346038
4.716e-006,0.000510492
4.7162e-006,0.000613275
4.7164e-006,0.000534474
4.7166e-006,0.000311777
4.7168e-006,0.000137045
4.717e-006,0.000188436
4.7172e-006,0.000431691
4.7174e-006,0.000623553
4.7176e-006,0.000609849
4.7178e-006,0.000431691
4.718e-006,0.000226124
4.7182e-006,0.000198715
4.7184e-006,0.000376873
4.7186e-006,0.0005379
4.7188e-006,0.000561883
4.719e-006,0.000441969
4.7192e-006,0.000318629
4.7194e-006,0.000315203
4.7196e-006,0.000438543
4.7198e-006,0.000575588
4.72e-006,0.000524196
4.7202e-006,0.000322055
4.7204e-006,0.000150749
4.7206e-006,0.000191863
4.7208e-006,0.000404282
4.721e-006,0.000585866
4.7212e-006,0.000596144
4.7214e-006,0.000452248
4.7216e-006,0.000263811
4.7218e-006,0.000215845
4.722e-006,0.000387151
4.7222e-006,0.000609849
4.7224e-006,0.00064411
4.7226e-006,0.000441969
4.7228e-006,0.000178158
4.723e-006,0.000113062
4.7232e-006,0.000294646
4.7234e-006,0.000517344
4.7236e-006,0.000572162
4.7238e-006,0.000445395
4.724e-006,0.000298072
4.7242e-006,0.000301498
4.7244e-006,0.000472804
4.7246e-006,0.000640684
4.7248e-006,0.000630406
4.725e-006,0.000438543
4.7252e-006,0.000226124
4.7254e-006,0.000161028
4.7256e-006,0.000277516
4.7258e-006,0.000479656
4.726e-006,0.000548179
4.7262e-006,0.000404282
4.7264e-006,0.000260385
4.7266e-006,0.00029122
4.7268e-006,0.000507065
4.727e-006,0.00070578
4.7272e-006,0.000657815
4.7274e-006,0.000383725
4.7276e-006,0.000109636
4.7278e-006,6.85224e-005
4.728e-006,0.000270663
4.7282e-006,0.000531048
4.7284e-006,0.000630406
4.7286e-006,0.000548179
4.7288e-006,0.000383725
4.729e-006,0.000315203
4.7292e-006,0.000435117
4.7294e-006,0.000579014
4.7296e-006,0.000548179
4.7298e-006,0.000356316
4.73e-006,0.000174732
4.7302e-006,0.000140471
4.7304e-006,0.000308351
4.7306e-006,0.000534474
4.7308e-006,0.000589292
4.731e-006,0.0004591
4.7312e-006,0.000274089
4.7314e-006,0.000250107
4.7316e-006,0.000407708
4.7318e-006,0.000555031
4.732e-006,0.000527622
4.7322e-006,0.000308351
4.7324e-006,0.000116488
4.7326e-006,0.000150749
4.7328e-006,0.000400856
4.733e-006,0.000668093
4.7332e-006,0.000733189
4.7334e-006,0.00052077
4.7336e-006,0.00022955
4.7338e-006,0.00012334
4.734e-006,0.000267237
4.7342e-006,0.000452248
4.7344e-006,0.000527622
4.7346e-006,0.000448821
4.7348e-006,0.000298072
4.735e-006,0.000304924
4.7352e-006,0.000441969
4.7354e-006,0.000517344
4.7356e-006,0.000452248
4.7358e-006,0.000280942
4.736e-006,0.000157601
4.7362e-006,0.00022955
4.7364e-006,0.000483083
4.7366e-006,0.00070578
4.7368e-006,0.00068865
4.737e-006,0.000452248
4.7372e-006,0.000178158
4.7374e-006,0.000116488
4.7376e-006,0.000277516
4.7378e-006,0.000510492
4.738e-006,0.000620127
4.7382e-006,0.000510492
4.7384e-006,0.000328907
4.7386e-006,0.000253533
4.7388e-006,0.000356316
4.739e-006,0.000486509
4.7392e-006,0.000507065
4.7394e-006,0.000387151
4.7396e-006,0.000208993
4.7398e-006,0.000202141
4.74e-006,0.000394004
4.7402e-006,0.000579014
4.7404e-006,0.000623553
4.7406e-006,0.000469378
4.7408e-006,0.000280942
4.741e-006,0.00024668
4.7412e-006,0.000356316
4.7414e-006,0.000465952
4.7416e-006,0.000455674
4.7418e-006,0.000332333
4.742e-006,0.000212419
4.7422e-006,0.000287794
4.7424e-006,0.00052077
4.7426e-006,0.000702354
4.7428e-006,0.000702354
4.743e-006,0.000493361
4.7432e-006,0.000232976
4.7434e-006,0.000164454
4.7436e-006,0.00029122
4.7438e-006,0.000472804
4.744e-006,0.000565309
4.7442e-006,0.000489935
4.7444e-006,0.000325481
4.7446e-006,0.000250107
4.7448e-006,0.000304924
4.745e-006,0.000424839
4.7452e-006,0.00047623
4.7454e-006,0.00041456
4.7456e-006,0.000349464
4.7458e-006,0.00039743
4.746e-006,0.000575588
4.7462e-006,0.000702354
4.7464e-006,0.000606423
4.7466e-006,0.000332333
4.7468e-006,6.85224e-005
4.747e-006,6.85227e-006
4.7472e-006,0.000198715
4.7474e-006,0.000534474
4.7476e-006,0.000746894
4.7478e-006,0.000657815
4.748e-006,0.000387151
4.7482e-006,0.000181584
4.7484e-006,0.00018501
4.7486e-006,0.000349464
4.7488e-006,0.000507065
4.749e-006,0.000534474
4.7492e-006,0.000483083
4.7494e-006,0.000445395
4.7496e-006,0.000428265
4.7498e-006,0.000417986
4.75e-006,0.000380299
